0.12219398468732834
0.19443924725055695
0.03185150772333145
0.1966855227947235
0.19603678584098816
0.23966699838638306
0.11044387519359589
0.21277932822704315
0.14979450404644012
0.22734230756759644
0.20576822757720947
0.21060504019260406
0.27322691679000854
0.1756555587053299
0.15516327321529388
0.16196802258491516
0.28833237290382385
0.31609684228897095
0.11841882765293121
0.20554938912391663
0.26531580090522766
0.1847383975982666
0.1678813397884369
0.07631651312112808
0.2088051438331604
0.16386619210243225
0.2625831961631775
0.25206315517425537
0.15687613189220428
0.17617520689964294
0.17093110084533691
0.22074003517627716
0.2737818956375122
0.14339889585971832
0.2824814021587372
0.14716213941574097
0.1224360316991806
0.14498932659626007
0.16356778144836426
0.22243909537792206
0.1871417611837387
0.10995738953351974
0.14499592781066895
0.133710116147995
0.16553139686584473
0.2360409051179886
0.2316817045211792
0.16996310651302338
0.17280402779579163
0.11554206162691116
0.08083929121494293
0.11298173666000366
0.2126530557870865
0.24295513331890106
0.22359634935855865
0.09249965101480484
0.2576763331890106
0.08635864406824112
0.21116125583648682
0.12846170365810394
0.2549054026603699
0.09249965101480484
0.23501749336719513
0.11159636825323105
0.2193887084722519
0.12200415879487991
0.08721224963665009
0.23239988088607788
0.20286764204502106
0.13226234912872314
0.0984131470322609
0.332450807094574
0.2549054026603699
0.19111640751361847
0.24331867694854736
0.2218494862318039
0.316122829914093
0.13755375146865845
0.022154344245791435
0.277846097946167
0.08556420356035233
0.18756283819675446
0.12865792214870453
0.2678757309913635
0.25006380677223206
0.24850623309612274
0.30706366896629333
0.11841882765293121
0.09767157584428787
0.20783929526805878
0.18965837359428406
0.15069012343883514
0.25941285490989685
0.24010667204856873
0.0896015539765358
0.14497601985931396
0.10548238456249237
0.19942118227481842
0.20863251388072968
0.2549054026603699
0.27521467208862305
0.134952113032341
0.13376553356647491
0.1584651619195938
0.13876749575138092
0.12655694782733917
0.34570178389549255
0.332450807094574
0.1675429344177246
0.14283737540245056
0.10226182639598846
0.13152174651622772
0.20127341151237488
0.07582439482212067
0.20432710647583008
0.10736964643001556
0.21179018914699554
0.2576763331890106
0.15341943502426147
0.17295178771018982
0.2193887084722519
0.19445239007472992
0.1790168434381485
0.2462874948978424
0.16071058809757233
0.10791263729333878
0.09714247286319733
0.14364168047904968
0.14713402092456818
0.16998304426670074
0.09461013227701187
0.2242571860551834
0.14498932659626007
0.21877449750900269
0.052373506128787994
0.09665895253419876
0.1300981491804123
0.040294475853443146
0.19113630056381226
0.18523375689983368
0.10102890431880951
0.22967848181724548
0.16698910295963287
0.2161271572113037
0.2700810134410858
0.06048384681344032
0.05542489513754845
0.191648930311203
0.26940321922302246
0.07964679598808289
0.039536744356155396
0.19244365394115448
0.12641389667987823
0.3047942519187927
0.08417870849370956
0.25006380677223206
0.17887292802333832
0.1663597822189331
0.13430127501487732
0.11218774318695068
0.20369713008403778
0.28946036100387573
0.13127006590366364
0.12574434280395508
0.2138361781835556
0.2804561257362366
0.2737818956375122
0.2403385192155838
0.13772007822990417
0.1419539600610733
0.03176417574286461
0.11274179071187973
0.1636621057987213
0.2680968642234802
0.20733754336833954
0.17220783233642578
0.1626899242401123
0.17779940366744995
0.2549054026603699
0.19384968280792236
0.10224176198244095
0.2706812918186188
0.2549054026603699
0.15762367844581604
0.08860962092876434
0.3948172926902771
0.15101222693920135
0.0732610747218132
0.06805025041103363
0.16385480761528015
0.09795501083135605
0.2549054026603699
0.1225910484790802
0.0901506096124649
0.1902816742658615
0.319074809551239
0.2836269736289978
0.18179403245449066
0.274509996175766
0.06354793906211853
0.2150888293981552
0.13854064047336578
0.1297609508037567
0.16499659419059753
0.14713402092456818
0.10825283825397491
0.10583394765853882
0.13137085735797882
0.2908058166503906
0.252181738615036
0.26204150915145874
0.12841811776161194
0.2576763331890106
0.13174721598625183
0.16984815895557404
0.1763230562210083
0.21738301217556
0.08509257435798645
0.14115849137306213
0.11554206162691116
0.2037554830312729
0.2337687760591507
0.09249965101480484
0.26383480429649353
0.19600141048431396
0.20579545199871063
0.2529914379119873
0.2309776246547699
0.20300017297267914
0.09877752512693405
0.17876765131950378
0.08860962092876434
0.19896192848682404
0.1272268146276474
0.2625107765197754
0.15061095356941223
0.22734621167182922
0.143472358584404
0.14934222400188446
0.23956899344921112
0.3074965178966522
0.07134219259023666
0.16183365881443024
0.17801910638809204
0.1295849233865738
0.1964706927537918
0.1420782506465912
0.08860962092876434
0.32606860995292664
0.1276787966489792
0.1932867467403412
0.11035756766796112
0.23037102818489075
0.2109999805688858
0.2165026068687439
0.0786338523030281
0.22005686163902283
0.19441533088684082
0.3150791823863983
0.1932867467403412
0.08124233782291412
0.1763230562210083
0.3027706742286682
0.18614304065704346
0.25617048144340515
0.07202970236539841
0.17943696677684784
0.21701006591320038
0.12831354141235352
0.21934589743614197
0.09731985628604889
0.15006932616233826
0.21738301217556
0.07391025125980377
0.12421666830778122
0.15585201978683472
0.24147823452949524
0.2067018449306488
0.21350285410881042
0.23818066716194153
0.12457264959812164
0.11389465630054474
0.26035991311073303
0.14787697792053223
0.13843616843223572
0.2035595178604126
0.12641389667987823
0.09925203025341034
0.20820316672325134
0.13429497182369232
0.1685274988412857
0.2268565148115158
0.0766780897974968
0.2113787680864334
0.2902321219444275
0.2840660810470581
0.13192562758922577
0.0769864022731781
0.1939353197813034
0.14849944412708282
0.17295178771018982
0.14567063748836517
0.12407098710536957
0.21483346819877625
0.12153685092926025
0.1790168434381485
0.24679109454154968
0.2978818118572235
0.2682229280471802
0.19389590620994568
0.2824814021587372
0.28934723138809204
0.29533830285072327
0.1300981491804123
0.17492833733558655
0.2638435661792755
0.15456290543079376
0.19603049755096436
0.17672422528266907
0.1289580911397934
0.1569085717201233
0.17036820948123932
0.21073497831821442
0.21291477978229523
0.23520667850971222
0.17015255987644196
0.20875287055969238
0.25709569454193115
0.04312015697360039
0.1904536932706833
0.2594233453273773
0.11841882765293121
0.21081998944282532
0.30301785469055176
0.17413067817687988
0.0672345831990242
0.24489474296569824
0.2071094810962677
0.16613754630088806
0.23935049772262573
0.10199697315692902
0.2762182652950287
0.07969304174184799
0.11407075822353363
0.0796862468123436
0.17217396199703217
0.16358023881912231
0.27466264367103577
0.2706812918186188
0.09271925687789917
0.06759949773550034
0.06514714658260345
0.24787618219852448
0.1296558976173401
0.21555401384830475
0.14175979793071747
0.2491590529680252
0.2682229280471802
0.24077677726745605
0.11306184530258179
0.21457555890083313
0.07875865697860718
0.21873848140239716
0.24015909433364868
0.19869284331798553
0.25211101770401
0.11685061454772949
0.08387654274702072
0.15160949528217316
0.09896662831306458
0.18123169243335724
0.21743956208229065
0.2111489623785019
0.25772741436958313
0.17942065000534058
0.14750899374485016
0.14693446457386017
0.20670685172080994
0.1994534283876419
0.15941090881824493
0.1497720181941986
0.17587155103683472
0.2576763331890106
0.15716825425624847
0.17456282675266266
0.28958117961883545
0.14072783291339874
0.16333898901939392
0.08111245185136795
0.1430148035287857
0.061422064900398254
0.22319968044757843
0.33160221576690674
0.16832683980464935
0.1051148921251297
0.06893327087163925
0.12356812506914139
0.12469661980867386
0.11208593100309372
0.30193400382995605
0.16893844306468964
0.1842397153377533
0.17434917390346527
0.15791024267673492
0.26655998826026917
0.22225919365882874
0.12817448377609253
0.21167415380477905
0.0815468579530716
0.04541967064142227
0.04174394533038139
0.22498281300067902
0.26213377714157104
0.21920837461948395
0.20663076639175415
0.20670685172080994
0.09898781776428223
0.07696524262428284
0.15965630114078522
0.153712198138237
0.10067129135131836
0.23318298161029816
0.20065796375274658
0.07324270159006119
0.13547757267951965
0.2167862057685852
0.10482218861579895
0.17914608120918274
0.2662508487701416
0.20286764204502106
0.22164461016654968
0.12363581359386444
0.25960180163383484
0.12295961380004883
0.06573396176099777
0.17396724224090576
0.12604916095733643
0.22582373023033142
0.0695047378540039
0.20565573871135712
0.24172742664813995
0.22225919365882874
0.12894763052463531
0.18158525228500366
0.04399290680885315
0.20670685172080994
0.1175287514925003
0.2080441564321518
0.13333408534526825
0.18785734474658966
0.10800087451934814
0.1908988207578659
0.05278114229440689
0.2760809063911438
0.1682281494140625
0.14444376528263092
0.24334841966629028
0.23411120474338531
0.25907424092292786
0.0751616433262825
0.1867273598909378
0.15335588157176971
0.16737212240695953
0.04189147427678108
0.2549054026603699
0.14072783291339874
0.2638435661792755
0.1964706927537918
0.16386619210243225
0.13266049325466156
0.09664878994226456
0.20579545199871063
0.2031039446592331
0.2549054026603699
0.1642184555530548
0.27016711235046387
0.09369594603776932
0.1441493183374405
0.226051464676857
0.15842778980731964
0.06403736025094986
0.1486714631319046
0.15734878182411194
0.0405026450753212
0.2003556787967682
0.1261596530675888
0.15309840440750122
0.09506694227457047
0.06403736025094986
0.35350164771080017
0.18440431356430054
0.141013965010643
0.22849515080451965
0.08954411000013351
0.20081982016563416
0.10168538242578506
0.22434675693511963
0.27466264367103577
0.21995443105697632
0.2957293391227722
0.0818847045302391
0.1932867467403412
0.11823086440563202
0.18521876633167267
0.08814782649278641
0.10145281255245209
0.15065771341323853
0.13738727569580078
0.14764109253883362
0.24795570969581604
0.05809958279132843
0.15213042497634888
0.2391904890537262
0.27521467208862305
0.19419001042842865
0.22953040897846222
0.08062344789505005
0.1585778445005417
0.09188330918550491
0.1313820630311966
0.05258583649992943
0.1419622004032135
0.2549054026603699
0.21499338746070862
0.13603092730045319
0.20356343686580658
0.20670685172080994
0.1825859099626541
0.11710198223590851
0.1777816265821457
0.2193887084722519
0.2549054026603699
0.23154522478580475
0.07205621898174286
0.10446586459875107
0.15075530111789703
0.1551695466041565
0.17032518982887268
0.1601913720369339
0.05969635397195816
0.09180866181850433
0.0695033073425293
0.16145524382591248
0.1534782201051712
0.09478912502527237
0.12641389667987823
0.12328533083200455
0.13116294145584106
0.23625653982162476
0.011941422708332539
0.1859883964061737
0.18897736072540283
0.19280880689620972
0.2256312519311905
0.12641389667987823
0.052190929651260376
0.20278812944889069
0.28460782766342163
0.21382072567939758
0.19403786957263947
0.2860347032546997
0.27197882533073425
0.26035991311073303
0.16828039288520813
0.26525434851646423
0.2268565148115158
0.1291714608669281
0.14950238168239594
0.1585778445005417
0.023092571645975113
0.08146455883979797
0.14266029000282288
0.19209912419319153
0.06707125902175903
0.14245888590812683
0.08628850430250168
0.18284469842910767
0.05856228619813919
0.15171504020690918
0.10917074978351593
0.07257532328367233
0.21881915628910065
0.09301967918872833
0.17547227442264557
0.2645666003227234
0.15283843874931335
0.24753235280513763
0.14497601985931396
0.1776655614376068
0.14166919887065887
0.04944562539458275
0.07908963412046432
0.12508898973464966
0.211337611079216
0.17376135289669037
0.1763230562210083
0.163042351603508
0.17036820948123932
0.13931146264076233
0.17717541754245758
0.27322691679000854
0.31609684228897095
0.1939212530851364
0.148048534989357
0.1964210569858551
0.2747645974159241
0.07338695973157883
0.2470068633556366
0.0984131470322609
0.23239988088607788
0.1679365187883377
0.28946036100387573
0.23208847641944885
0.25522488355636597
0.15949580073356628
0.13226234912872314
0.16386619210243225
0.25054699182510376
0.18805527687072754
0.15698713064193726
0.24990634620189667
0.10092049837112427
0.13774198293685913
0.22851860523223877
0.2262202501296997
0.23682187497615814
0.12469661980867386
0.1576712727546692
0.13738727569580078
0.29494085907936096
0.09376993775367737
0.03851049393415451
0.16414111852645874
0.09276442974805832
0.22278177738189697
0.035006292164325714
0.1417236179113388
0.08860962092876434
0.12326972186565399
0.09441699087619781
0.16983871161937714
0.11208593100309372
0.15000982582569122
0.07113280892372131
0.2445564866065979
0.2625967562198639
0.12107203155755997
0.1498725861310959
0.17515119910240173
0.08860962092876434
0.1663597822189331
0.1708245575428009
0.11692427098751068
0.20174948871135712
0.09445001929998398
0.10607800632715225
0.17233072221279144
0.20457510650157928
0.293415904045105
0.06203819811344147
0.191648930311203
0.1624268889427185
0.21410542726516724
0.30268144607543945
0.2109943926334381
0.11664655804634094
0.08346601575613022
0.10130561143159866
0.21294178068637848
0.22908636927604675
0.2579948306083679
0.2700810134410858
0.1663597822189331
0.17009387910366058
0.11915136873722076
0.07045432925224304
0.15081588923931122
0.23823831975460052
0.09408372640609741
0.16798295080661774
0.21167415380477905
0.2026231735944748
0.18300968408584595
0.19848181307315826
0.2492520660161972
0.23598118126392365
0.2841813564300537
0.13721515238285065
0.2117144763469696
0.16470816731452942
0.18045388162136078
0.052190929651260376
0.17791114747524261
0.1300981491804123
0.16015887260437012
0.15210804343223572
0.25006380677223206
0.16809788346290588
0.254856139421463
0.23455385863780975
0.25960180163383484
0.3074965178966522
0.12641389667987823
0.13665784895420074
0.31188586354255676
0.22116805613040924
0.23756201565265656
0.2294785976409912
0.270248144865036
0.3911416828632355
0.14839039742946625
0.20676560699939728
0.18520379066467285
0.17397242784500122
0.17420142889022827
0.21428892016410828
0.17638342082500458
0.3048418164253235
0.21642176806926727
0.0786338523030281
0.12042190879583359
0.07210005819797516
0.2577703595161438
0.1300981491804123
0.23500275611877441
0.20300017297267914
0.15006932616233826
0.150125190615654
0.11185109615325928
0.14161311089992523
0.2193887084722519
0.24851828813552856
0.09249965101480484
0.27631065249443054
0.13544006645679474
0.2656461000442505
0.2508833110332489
0.2467973232269287
0.15360820293426514
0.21671484410762787
0.18882974982261658
0.17926567792892456
0.225259467959404
0.2075766623020172
0.06496291607618332
0.21664750576019287
0.09770241379737854
0.13917860388755798
0.1473408192396164
0.14822742342948914
0.33160221576690674
0.06540649384260178
0.20713526010513306
0.12133482098579407
0.082598015666008
0.10102890431880951
0.30962178111076355
0.14273317158222198
0.17617520689964294
0.2268565148115158
0.1238769069314003
0.15081588923931122
0.17279814183712006
0.1202624961733818
0.2524002194404602
0.18627412617206573
0.19450892508029938
0.2181529402732849
0.26088303327560425
0.23610776662826538
0.0786338523030281
0.15941090881824493
0.14300571382045746
0.207558274269104
0.24753235280513763
0.12110644578933716
0.16317149996757507
0.19639651477336884
0.14964666962623596
0.20286764204502106
0.050466734915971756
0.0515037477016449
0.24274535477161407
0.1057719960808754
0.12439864128828049
0.10102890431880951
0.2824814021587372
0.07128504663705826
0.16906100511550903
0.24602848291397095
0.12641389667987823
0.16965222358703613
0.2285914421081543
0.3124423921108246
0.2467995136976242
0.22908636927604675
0.16225619614124298
0.21920837461948395
0.24195443093776703
0.11817861348390579
0.26204150915145874
0.21440359950065613
0.237268328666687
0.26204150915145874
0.0623798631131649
0.1733851581811905
0.1576712727546692
0.1814604252576828
0.2232496738433838
0.08372028917074203
0.12623047828674316
0.14977575838565826
0.15834416449069977
0.10361235588788986
0.12159168720245361
0.06250330805778503
0.046114735305309296
0.11841601133346558
0.05793526768684387
0.2138223648071289
0.1376284509897232
0.10741584002971649
0.11674582958221436
0.20501163601875305
0.11298173666000366
0.2662508487701416
0.22116805613040924
0.24421235918998718
0.1904536932706833
0.07317890226840973
0.16892458498477936
0.27933675050735474
0.2700810134410858
0.10102890431880951
0.20613235235214233
0.28894731402397156
0.19307668507099152
0.13779252767562866
0.07365202158689499
0.18318906426429749
0.2550567090511322
0.14711423218250275
0.1663597822189331
0.16236601769924164
0.17316824197769165
0.09408372640609741
0.2479342222213745
0.1892872154712677
0.1726742535829544
0.06988425552845001
0.1932867467403412
0.13500547409057617
0.10887248814105988
0.2560841143131256
0.15798896551132202
0.1543394923210144
0.1226251944899559
0.09605931490659714
0.006996107287704945
0.23818066716194153
0.12911154329776764
0.16638211905956268
0.07622885704040527
0.17617520689964294
0.0771695077419281
0.03294610232114792
0.1340324878692627
0.09936032444238663
0.24314862489700317
0.09249965101480484
0.22225919365882874
0.23877649009227753
0.08800186216831207
0.22782909870147705
0.1236468106508255
0.27016711235046387
0.3467177748680115
0.24335546791553497
0.09071240574121475
0.11817554384469986
0.3235534429550171
0.13124334812164307
0.09369594603776932
0.1715281456708908
0.17407561838626862
0.13830256462097168
0.13458004593849182
0.1559520810842514
0.1262950748205185
0.29571908712387085
0.2957293391227722
0.07129203528165817
0.28842103481292725
0.15061095356941223
0.14638803899288177
0.07150396704673767
0.10429731011390686
0.2803403437137604
0.11306184530258179
0.2094363421201706
0.10132288187742233
0.24274535477161407
0.22213976085186005
0.12641389667987823
0.13547757267951965
0.306175172328949
0.2861633598804474
0.15941090881824493
0.1513112634420395
0.11078289151191711
0.12070109695196152
0.20253655314445496
0.19249729812145233
0.17853565514087677
0.19864097237586975
0.11554206162691116
0.2111489623785019
0.26204150915145874
0.1663597822189331
0.2677975594997406
0.15213042497634888
0.1642184555530548
0.15942694246768951
0.250105619430542
0.2604772448539734
0.11005120724439621
0.25982725620269775
0.2193887084722519
0.2520540654659271
0.14635762572288513
0.28222569823265076
0.27088257670402527
0.16751497983932495
0.15850335359573364
0.18585056066513062
0.18543113768100739
0.12320367246866226
0.1430148035287857
0.20663076639175415
0.1419469565153122
0.19406786561012268
0.18859493732452393
0.17617520689964294
0.16333898901939392
0.22337237000465393
0.1976078599691391
0.2193887084722519
0.08197594434022903
0.23208847641944885
0.1261417269706726
0.08666675537824631
0.05223968252539635
0.1372932642698288
0.1929701417684555
0.06918396055698395
0.29236555099487305
0.15654174983501434
0.0850815623998642
0.20676560699939728
0.20563235878944397
0.26383480429649353
0.10421349108219147
0.21395500004291534
0.2695104777812958
0.16147243976593018
0.1678851842880249
0.09605931490659714
0.24495992064476013
0.29293152689933777
0.1312044858932495
0.10629572719335556
0.14654144644737244
0.21333077549934387
0.3328084349632263
0.13753606379032135
0.1193598061800003
0.0752900019288063
0.1128394603729248
0.1372932642698288
0.04944562539458275
0.21650323271751404
0.19405505061149597
0.2234472632408142
0.23649360239505768
0.09759513288736343
0.19239485263824463
0.19285249710083008
0.050554029643535614
0.11089488863945007
0.08860962092876434
0.16809788346290588
0.10168538242578506
0.27466264367103577
0.1918284296989441
0.1624056100845337
0.26204150915145874
0.1663597822189331
0.27899330854415894
0.17289258539676666
0.34570178389549255
0.16810552775859833
0.20809321105480194
0.18667298555374146
0.0881337895989418
0.1344788521528244
0.09705440700054169
0.11304769665002823
0.1545276790857315
0.11767452210187912
0.11877671629190445
0.26309219002723694
0.25055891275405884
0.07470754534006119
0.11901900172233582
0.148048534989357
0.1932867467403412
0.15768907964229584
0.11162760853767395
0.1685183197259903
0.2109999805688858
0.062746562063694
0.20844115316867828
0.19832050800323486
0.1016264334321022
0.2521320581436157
0.10074735432863235
0.095770925283432
0.2549054026603699
0.1270114630460739
0.20365694165229797
0.15179193019866943
0.2235325425863266
0.15322478115558624
0.05371037870645523
0.11085256189107895
0.1284095197916031
0.13241241872310638
0.2775959372520447
0.11306184530258179
0.11296950280666351
0.265190064907074
0.11500681936740875
0.17956030368804932
0.10191994160413742
0.10561908036470413
0.20886479318141937
0.1942524015903473
0.2434978038072586
0.23881582915782928
0.33160221576690674
0.1988479495048523
0.05223968252539635
0.16018110513687134
0.08083616942167282
0.20423157513141632
0.12639866769313812
0.17801910638809204
0.15880964696407318
0.31676390767097473
0.2682229280471802
0.19932390749454498
0.26173946261405945
0.21397320926189423
0.13867563009262085
0.1169896349310875
0.2309776246547699
0.11298173666000366
0.16962338984012604
0.13048240542411804
0.20278812944889069
0.12154531478881836
0.2848847210407257
0.2790020704269409
0.1329304724931717
0.07023008912801743
0.16809721291065216
0.15405602753162384
0.07755492627620697
0.2031872421503067
0.27322691679000854
0.1854107528924942
0.06528307497501373
0.13003848493099213
0.3248843252658844
0.11162760853767395
0.16859012842178345
0.24826164543628693
0.2255864292383194
0.1673072874546051
0.2645832300186157
0.12010543793439865
0.1410214900970459
0.06677671521902084
0.24298450350761414
0.2220926582813263
0.19217942655086517
0.22143064439296722
0.08492755144834518
0.08590767532587051
0.10796866565942764
0.11696968972682953
0.1010129377245903
0.1262701451778412
0.2433301955461502
0.09350572526454926
0.2846226990222931
0.17526134848594666
0.1191854327917099
0.18580178916454315
0.23794665932655334
0.1994534283876419
0.25054699182510376
0.22042950987815857
0.2220926582813263
0.13967204093933105
0.17617520689964294
0.10923722386360168
0.20046889781951904
0.21064125001430511
0.2522096037864685
0.05294107645750046
0.2353152185678482
0.06285883486270905
0.11204849928617477
0.036252863705158234
0.141953706741333
0.1663597822189331
0.16648346185684204
0.1664423793554306
0.08333320915699005
0.14526504278182983
0.30962178111076355
0.15263262391090393
0.1932867467403412
0.2094641625881195
0.1758759617805481
0.2308417558670044
0.20663076639175415
0.22909227013587952
0.15597699582576752
0.21313321590423584
0.174136683344841
0.2521320581436157
0.24673707783222198
0.15220998227596283
0.30379346013069153
0.0956709235906601
0.1675342470407486
0.20796801149845123
0.13430127501487732
0.21313321590423584
0.07179302722215652
0.20664872229099274
0.21263976395130157
0.11298173666000366
0.11273007839918137
0.21350285410881042
0.14573021233081818
0.2485237419605255
0.1891876608133316
0.08860962092876434
0.09795501083135605
0.2440653294324875
0.11863020062446594
0.12300602346658707
0.24152199923992157
0.17564749717712402
0.07312905043363571
0.20052118599414825
0.04296785220503807
0.20970219373703003
0.2870478928089142
0.23517175018787384
0.11554206162691116
0.22052472829818726
0.08370274305343628
0.16728484630584717
0.13152174651622772
0.1498725861310959
0.21757027506828308
0.2311609387397766
0.1932867467403412
0.18321028351783752
0.2193887084722519
0.2037554830312729
0.10488695651292801
0.11151431500911713
0.17220783233642578
0.08860962092876434
0.21944445371627808
0.11377974599599838
0.2547040283679962
0.21964280307292938
0.11841882765293121
0.14034992456436157
0.2576763331890106
0.2549054026603699
0.1564527153968811
0.1624404639005661
0.06326501816511154
0.21050892770290375
0.2309776246547699
0.17987500131130219
0.06403736025094986
0.24970902502536774
0.2579503059387207
0.09069821983575821
0.0970710963010788
0.08810216933488846
0.07531910389661789
0.036252863705158234
0.17801910638809204
0.1932867467403412
0.14446856081485748
0.21136189997196198
0.20863251388072968
0.13238996267318726
0.13266482949256897
0.12259747833013535
0.038560375571250916
0.277279794216156
0.17021244764328003
0.07136569917201996
0.13152174651622772
0.1434464156627655
0.10775799304246902
0.1433180272579193
0.180988147854805
0.14336343109607697
0.1585778445005417
0.2498190701007843
0.2549054026603699
0.09664878994226456
0.14072783291339874
0.1932867467403412
0.22225919365882874
0.10893285274505615
0.2721099257469177
0.2914999723434448
0.09450554847717285
0.22238588333129883
0.25901854038238525
0.25704097747802734
0.17810353636741638
0.2522096037864685
0.08860962092876434
0.22640755772590637
0.11404111981391907
0.2549054026603699
0.11185695976018906
0.2148621827363968
0.2645832300186157
0.1422809511423111
0.1702450066804886
0.1445072889328003
0.17103134095668793
0.11916034668684006
0.23736949265003204
0.15198498964309692
0.2193887084722519
0.1283152848482132
0.11295803636312485
0.09408372640609741
0.2824814021587372
0.1731434315443039
0.22933918237686157
0.16962338984012604
0.2233884334564209
0.19285249710083008
0.1300981491804123
0.047039665281772614
0.14967022836208344
0.26204150915145874
0.1877325177192688
0.11298173666000366
0.18685875833034515
0.13041594624519348
0.17894050478935242
0.25575390458106995
0.10667960345745087
0.19557419419288635
0.10061775892972946
0.1516682207584381
0.20200957357883453
0.15041013062000275
0.1763230562210083
0.3216777741909027
0.1822906732559204
0.22908636927604675
0.30249401926994324
0.19353197515010834
0.19217713177204132
0.26088303327560425
0.1907922625541687
0.15469792485237122
0.1429891437292099
0.2700810134410858
0.2193887084722519
0.27088257670402527
0.23403781652450562
0.21764397621154785
0.1753128319978714
0.19367718696594238
0.1979592889547348
0.2132691890001297
0.23295184969902039
0.18484631180763245
0.21606393158435822
0.24644233286380768
0.23404675722122192
0.052190929651260376
0.23003436625003815
0.25522488355636597
0.22062498331069946
0.2780238389968872
0.16728484630584717
0.14742575585842133
0.27595803141593933
0.2399178147315979
0.19400961697101593
0.20863251388072968
0.11827284097671509
0.17545630037784576
0.16207939386367798
0.2138921171426773
0.20508389174938202
0.08632201701402664
0.0668284147977829
0.09795501083135605
0.2029414176940918
0.10258805006742477
0.26313796639442444
0.20918981730937958
0.1130426824092865
0.1893269419670105
0.20885711908340454
0.08547734469175339
0.1892872154712677
0.22072860598564148
0.13548681139945984
0.2816868722438812
0.21585483849048615
0.1093292236328125
0.15941090881824493
0.11241237819194794
0.24598275125026703
0.2147103250026703
0.16923579573631287
0.1930188685655594
0.2037554830312729
0.1565791815519333
0.1571512520313263
0.18882974982261658
0.12537890672683716
0.17954817414283752
0.1960272341966629
0.23478546738624573
0.07618096470832825
0.12587788701057434
0.1445736587047577
0.23156604170799255
0.165073961019516
0.1281348317861557
0.13576863706111908
0.08463873714208603
0.2094641625881195
0.20014801621437073
0.2259518802165985
0.25054699182510376
0.15657657384872437
0.1479056477546692
0.18694980442523956
0.19884490966796875
0.17455823719501495
0.19896899163722992
0.11143253743648529
0.11247388273477554
0.09047779440879822
0.2036251574754715
0.07439956068992615
0.11208593100309372
0.1479056477546692
0.27333590388298035
0.2220926582813263
0.163042351603508
0.3286753296852112
0.06964252889156342
0.29264479875564575
0.2162870615720749
0.23501749336719513
0.16205041110515594
0.20863251388072968
0.17000317573547363
0.08977703005075455
0.25709569454193115
0.18932805955410004
0.28126025199890137
0.06478261947631836
0.15042908489704132
0.11687948554754257
0.1494549959897995
0.1312277913093567
0.0903049111366272
0.2554243803024292
0.09182893484830856
0.09174340963363647
0.2021927833557129
0.09371478110551834
0.07711515575647354
0.284615695476532
0.24676862359046936
0.13455645740032196
0.06313403695821762
0.2109999805688858
0.2916148900985718
0.20670369267463684
0.152898371219635
0.18957197666168213
0.05920262634754181
0.234770268201828
0.2783428728580475
0.2268565148115158
0.20663076639175415
0.08482696115970612
0.22994455695152283
0.10376697033643723
0.10215460509061813
0.2521320581436157
0.05265067145228386
0.07587745040655136
0.11841882765293121
0.332450807094574
0.10669964551925659
0.14511476457118988
0.2662508487701416
0.10137289762496948
0.1548425704240799
0.18429595232009888
0.3147098422050476
0.2788378596305847
0.1436396688222885
0.2802917957305908
0.15866272151470184
0.11709299683570862
0.24051202833652496
0.08955506235361099
0.057930998504161835
0.10542131215333939
0.2633834481239319
0.1848234236240387
0.07185116410255432
0.28132379055023193
0.2549054026603699
0.11089221388101578
0.14815488457679749
0.1988864243030548
0.22413486242294312
0.19785158336162567
0.3025067150592804
0.1825983226299286
0.1759599894285202
0.04221044108271599
0.2774384319782257
0.0992734432220459
0.08919071406126022
0.08227962255477905
0.20240329205989838
0.198194682598114
0.10209271311759949
0.1763230562210083
0.26035991311073303
0.2600489854812622
0.07334119826555252
0.11109887063503265
0.1152893453836441
0.10268250852823257
0.25522488355636597
0.20670685172080994
0.23598118126392365
0.2662804126739502
0.09379972517490387
0.2474767565727234
0.20650680363178253
0.18393661081790924
0.27197882533073425
0.22194504737854004
0.2665027976036072
0.08740348368883133
0.2193887084722519
0.2468457967042923
0.3482726514339447
0.20130906999111176
0.13764303922653198
0.10163571685552597
0.15582731366157532
0.20427893102169037
0.125585675239563
0.17856571078300476
0.1287253051996231
0.08596676588058472
0.1146235540509224
0.10560555756092072
0.19205527007579803
0.08265051245689392
0.10695403814315796
0.21256931126117706
0.19125349819660187
0.11554206162691116
0.2102908492088318
0.2508833110332489
0.08412376046180725
0.05972405895590782
0.18756283819675446
0.32665160298347473
0.16368430852890015
0.28265848755836487
0.17868223786354065
0.10378386825323105
0.14489303529262543
0.19429606199264526
0.24049310386180878
0.2193887084722519
0.17640408873558044
0.21073497831821442
0.1313764601945877
0.23759761452674866
0.1573033183813095
0.25451165437698364
0.2066461592912674
0.25511375069618225
0.2726668119430542
0.20918981730937958
0.20863251388072968
0.2989591062068939
0.11841601133346558
0.19239485263824463
0.2350243330001831
0.15719322860240936
0.2483290433883667
0.2075982242822647
0.16340985894203186
0.11678647249937057
0.0984131470322609
0.3176233470439911
0.17613764107227325
0.20200957357883453
0.11408046633005142
0.16140532493591309
0.1654186099767685
0.1461198627948761
0.23756201565265656
0.09982569515705109
0.12909412384033203
0.1208546906709671
0.05847389996051788
0.09389723837375641
0.21071234345436096
0.15684573352336884
0.11306184530258179
0.24799928069114685
0.2818484306335449
0.20973610877990723
0.20409129559993744
0.270527720451355
0.20053906738758087
0.08219756931066513
0.08668643236160278
0.2961035668849945
0.08412376046180725
0.17397259175777435
0.20973610877990723
0.2109999805688858
0.16242237389087677
0.1165064200758934
0.2816293239593506
0.12769420444965363
0.13458004593849182
0.20641456544399261
0.1840643286705017
0.07135423272848129
0.23094585537910461
0.20732830464839935
0.16928118467330933
0.13061384856700897
0.1288055181503296
0.2505190372467041
0.07422127574682236
0.1178024411201477
0.1865152269601822
0.24850623309612274
0.0984131470322609
0.20225782692432404
0.08860962092876434
0.1446944922208786
0.23038122057914734
0.16391390562057495
0.1300981491804123
0.1300981491804123
0.12328533083200455
0.04912423714995384
0.2492520660161972
0.14072783291339874
0.14971299469470978
0.044869426637887955
0.21334560215473175
0.04055681452155113
0.16649571061134338
0.24934503436088562
0.12625108659267426
0.2193887084722519
0.22143064439296722
0.2000170350074768
0.13428469002246857
0.06671406328678131
0.2892320454120636
0.07590363174676895
0.3395560383796692
0.1892872154712677
0.19775958359241486
0.12532469630241394
0.19688422977924347
0.2614682614803314
0.15038654208183289
0.14115849137306213
0.1859017312526703
0.29762768745422363
0.17407561838626862
0.22908636927604675
0.2031383216381073
0.1904536932706833
0.11159548908472061
0.23579469323158264
0.04512973502278328
0.10215701907873154
0.2084418386220932
0.19051969051361084
0.16170795261859894
0.17528554797172546
0.06557656824588776
0.06873171031475067
0.12641389667987823
0.16031445562839508
0.21232284605503082
0.19656315445899963
0.12998999655246735
0.17501477897167206
0.07354747503995895
0.104362852871418
0.15680359303951263
0.1643800586462021
0.2062770277261734
0.2547040283679962
0.17462824285030365
0.2557031214237213
0.13023845851421356
0.306175172328949
0.10210373997688293
0.08547734469175339
0.21787422895431519
0.18882974982261658
0.21154075860977173
0.06954501569271088
0.10593975335359573
0.13969342410564423
0.11915136873722076
0.23883996903896332
0.0850815623998642
0.14171679317951202
0.1128394603729248
0.21699076890945435
0.12167637050151825
0.12573744356632233
0.1353892683982849
0.1596957892179489
0.20630455017089844
0.11930589377880096
0.2662508487701416
0.1688670665025711
0.13153140246868134
0.21122778952121735
0.12273481488227844
0.08383356034755707
0.08602400869131088
0.1748531609773636
0.17641426622867584
0.13741782307624817
0.19011792540550232
0.1255040168762207
0.25927436351776123
0.16791002452373505
0.21256566047668457
0.23818066716194153
0.2702719271183014
0.2573615312576294
0.2133888155221939
0.11306184530258179
0.1753358244895935
0.10800087451934814
0.16769486665725708
0.28295978903770447
0.09707649052143097
0.14732910692691803
0.19925522804260254
0.08223612606525421
0.07093261182308197
0.12247734516859055
0.23966699838638306
0.1678117960691452
0.23512336611747742
0.1987643837928772
0.17146658897399902
0.06696735322475433
0.16861073672771454
0.09404043853282928
0.2696618437767029
0.247210294008255
0.18979687988758087
0.09246014058589935
0.11070529371500015
0.27958106994628906
0.22225919365882874
0.11306184530258179
0.048248276114463806
0.23642277717590332
0.19047428667545319
0.21666473150253296
0.26575174927711487
0.16665329039096832
0.11126796156167984
0.08821884542703629
0.0855872854590416
0.05864658206701279
0.11306184530258179
0.26204150915145874
0.1273006796836853
0.24328921735286713
0.2099769562482834
0.16595475375652313
0.22670267522335052
0.08657906204462051
0.11094044893980026
0.13152174651622772
0.21081998944282532
0.11554206162691116
0.2166922390460968
0.25599953532218933
0.20115214586257935
0.14072783291339874
0.1710197627544403
0.09665895253419876
0.2841813564300537
0.035006292164325714
0.06540853530168533
0.31279924511909485
0.25618112087249756
0.17205889523029327
0.14489303529262543
0.16770073771476746
0.09776914864778519
0.17163848876953125
0.12603911757469177
0.09591532498598099
0.20458821952342987
0.11554206162691116
0.14249706268310547
0.18489810824394226
0.10289446264505386
0.2573615312576294
0.2451307773590088
0.26683834195137024
0.070956751704216
0.16991910338401794
0.2193887084722519
0.1253862977027893
0.2695104777812958
0.13322897255420685
0.1046028658747673
0.20301763713359833
0.057041823863983154
0.0751616433262825
0.07139664143323898
0.16673728823661804
0.17672422528266907
0.20232611894607544
0.27787017822265625
0.18331021070480347
0.20052768290042877
0.2239689975976944
0.06761278212070465
0.08430735766887665
0.20567165315151215
0.1915384829044342
0.11841882765293121
0.28221502900123596
0.1707257628440857
0.23829352855682373
0.0984131470322609
0.1589893251657486
0.09064877778291702
0.332450807094574
0.31896236538887024
0.11389465630054474
0.14007753133773804
0.27197882533073425
0.1763230562210083
0.1957254558801651
0.2193887084722519
0.18616488575935364
0.2308417558670044
0.15843474864959717
0.06664163619279861
0.10496769100427628
0.14054632186889648
0.2193887084722519
0.06864853203296661
0.17087024450302124
0.21945632994174957
0.20668311417102814
0.08666487783193588
0.1348663568496704
0.14408130943775177
0.26035991311073303
0.12465078383684158
0.08231617510318756
0.20670685172080994
0.09376993775367737
0.22897863388061523
0.2193887084722519
0.2620490491390228
0.18745799362659454
0.1911754012107849
0.15011915564537048
0.0377638153731823
0.14953245222568512
0.2111489623785019
0.06525072455406189
0.21498073637485504
0.2841813564300537
0.2148621827363968
0.07123633474111557
0.21636924147605896
0.276023268699646
0.1300981491804123
0.06960418820381165
0.3018321096897125
0.23528912663459778
0.1585778445005417
0.26003411412239075
0.11766417324542999
0.16144828498363495
0.20815207064151764
0.19278882443904877
0.1161513552069664
0.19636231660842896
0.2549054026603699
0.2606394588947296
0.21788737177848816
0.0850815623998642
0.1848267763853073
0.09376993775367737
0.16480094194412231
0.11841882765293121
0.06275715678930283
0.2547040283679962
0.15578526258468628
0.234770268201828
0.12691500782966614
0.1077486202120781
0.2496335208415985
0.08146455883979797
0.24590687453746796
0.21127772331237793
0.14007753133773804
0.17865689098834991
0.17452006042003632
0.13364554941654205
0.2410719096660614
0.17163848876953125
0.2710224390029907
0.30427825450897217
0.16610579192638397
0.11088425666093826
0.19220365583896637
0.21670874953269958
0.2599502503871918
0.26161515712738037
0.17275434732437134
0.16728484630584717
0.10342266410589218
0.12687230110168457
0.14115849137306213
0.24566105008125305
0.11428513377904892
0.20809321105480194
0.2620490491390228
0.09505391120910645
0.1585778445005417
0.18543392419815063
0.20276856422424316
0.13506032526493073
0.12437944859266281
0.1778530329465866
0.15341538190841675
0.10579565167427063
0.14441631734371185
0.07662174850702286
0.08920538425445557
0.13430127501487732
0.14072783291339874
0.1010129377245903
0.0712880864739418
0.21748335659503937
0.23105531930923462
0.21945632994174957
0.23927153646945953
0.08269225805997849
0.11690030246973038
0.21480751037597656
0.20630455017089844
0.08380530029535294
0.10428435355424881
0.2534877359867096
0.29857105016708374
0.1890391707420349
0.14378295838832855
0.22858399152755737
0.14498932659626007
0.1994873285293579
0.13429497182369232
0.08498426526784897
0.26797881722450256
0.11185109615325928
0.20286764204502106
0.2576763331890106
0.3134240210056305
0.15463006496429443
0.23965510725975037
0.23361006379127502
0.06755924969911575
0.1111174151301384
0.08860962092876434
0.20821602642536163
0.21457970142364502
0.2559836804866791
0.11304769665002823
0.11827284097671509
0.2027886062860489
0.0681762546300888
0.15422184765338898
0.12299332767724991
0.23747365176677704
0.2193887084722519
0.1316141039133072
0.07099512964487076
0.04122190177440643
0.07658541947603226
0.23525072634220123
0.2536054253578186
0.08124233782291412
0.09995809197425842
0.22062498331069946
0.1403873711824417
0.2355283945798874
0.2193887084722519
0.10775799304246902
0.22225919365882874
0.22278644144535065
0.1252923458814621
0.0636567547917366
0.2471773773431778
0.1597638875246048
0.34397292137145996
0.08666487783193588
0.13616596162319183
0.22087112069129944
0.332450807094574
0.11127937585115433
0.1526591181755066
0.20286764204502106
0.19127775728702545
0.13606224954128265
0.24841263890266418
0.18109939992427826
0.14072783291339874
0.2193887084722519
0.09188330918550491
0.10932967066764832
0.09655281901359558
0.05303843319416046
0.22782909870147705
0.17910632491111755
0.18957197666168213
0.08860962092876434
0.1693391352891922
0.07001537084579468
0.2371395230293274
0.18157701194286346
0.11306184530258179
0.09837622195482254
0.053984977304935455
0.1707112044095993
0.09389723837375641
0.14078176021575928
0.26019391417503357
0.0696629211306572
0.08955506235361099
0.14939497411251068
0.2493395358324051
0.22672513127326965
0.1761803925037384
0.2066441923379898
0.06350230425596237
0.06357134878635406
0.17672422528266907
0.1906512826681137
0.0993640199303627
0.21038387715816498
0.2003341019153595
0.26762300729751587
0.2587431073188782
0.2549054026603699
0.2075432389974594
0.14140534400939941
0.06607640534639359
0.11306184530258179
0.2549054026603699
0.19925522804260254
0.1974894255399704
0.05217326432466507
0.13515792787075043
0.20734846591949463
0.2668488919734955
0.15093250572681427
0.1541883647441864
0.2235778421163559
0.17287106812000275
0.2193887084722519
0.22143064439296722
0.2549054026603699
0.06912190467119217
0.15688467025756836
0.16906100511550903
0.06988425552845001
0.12817448377609253
0.215006485581398
0.2130386233329773
0.1617770940065384
0.22759860754013062
0.3027997612953186
0.06383545696735382
0.16923579573631287
0.19399985671043396
0.1729581356048584
0.08217836171388626
0.2549054026603699
0.14291709661483765
0.08124233782291412
0.26519396901130676
0.1575622409582138
0.2130909115076065
0.2620490491390228
0.1614498645067215
0.07621630281209946
0.11298173666000366
0.23867616057395935
0.2567594647407532
0.1460302621126175
0.09249965101480484
0.2037554830312729
0.2879951000213623
0.20272716879844666
0.16635224223136902
0.2502919137477875
0.3482726514339447
0.25896039605140686
0.12703543901443481
0.2901332974433899
0.2768622934818268
0.22750337421894073
0.21481835842132568
0.17036820948123932
0.21846145391464233
0.06475457549095154
0.2363114207983017
0.196389839053154
0.15413784980773926
0.2565925121307373
0.06309664249420166
0.2114351987838745
0.22995442152023315
0.1869913935661316
0.15298274159431458
0.27427905797958374
0.0528583787381649
0.25350409746170044
0.13170748949050903
0.17022807896137238
0.22225919365882874
0.20325882732868195
0.08369448035955429
0.13364554941654205
0.15738146007061005
0.17526134848594666
0.13443098962306976
0.2651651203632355
0.07712904363870621
0.17330001294612885
0.11498990654945374
0.2935436964035034
0.18412797152996063
0.13657082617282867
0.08547734469175339
0.2457026094198227
0.15364235639572144
0.25376906991004944
0.17420142889022827
0.1245778501033783
0.15847089886665344
0.28659334778785706
0.09665895253419876
0.22034703195095062
0.16964174807071686
0.2065076231956482
0.1794891506433487
0.16983871161937714
0.07139664143323898
0.28594323992729187
0.13758523762226105
0.2173866629600525
0.21167415380477905
0.18539679050445557
0.23002219200134277
0.2549054026603699
0.23303742706775665
0.266356498003006
0.3195801377296448
0.08188696950674057
0.13254253566265106
0.24644233286380768
0.27908459305763245
0.1563243716955185
0.18383005261421204
0.0385858379304409
0.05049476400017738
0.2268565148115158
0.07669545710086823
0.184302419424057
0.2638435661792755
0.19243204593658447
0.015493546612560749
0.24600377678871155
0.1888694167137146
0.22668956220149994
0.27562394738197327
0.1890929937362671
0.12737177312374115
0.053182367235422134
0.15440905094146729
0.08124233782291412
0.10607385635375977
0.20324577391147614
0.1684262752532959
0.23757915198802948
0.14141178131103516
0.10102890431880951
0.19164948165416718
0.0984131470322609
0.21821598708629608
0.0744365006685257
0.09369594603776932
0.08333320915699005
0.15339551866054535
0.06728091090917587
0.08860962092876434
0.1938755214214325
0.16917116940021515
0.20300017297267914
0.15626360476016998
0.13333408534526825
0.25375789403915405
0.19685478508472443
0.07929923385381699
0.09145587682723999
0.16244706511497498
0.11554206162691116
0.24702408909797668
0.15618348121643066
0.15302814543247223
0.11208593100309372
0.2193887084722519
0.07051975280046463
0.11226823180913925
0.13937608897686005
0.06778152287006378
0.2600015103816986
0.15380848944187164
0.10865171253681183
0.06913944333791733
0.17793741822242737
0.1638634204864502
0.26862630248069763
0.09508002549409866
0.20670685172080994
0.19428615272045135
0.1305863857269287
0.273840069770813
0.11710712313652039
0.1510065346956253
0.19925522804260254
0.2611996531486511
0.16792471706867218
0.08197594434022903
0.2111489623785019
0.12537890672683716
0.1683426946401596
0.2037554830312729
0.21671484410762787
0.2620490491390228
0.13469552993774414
0.18473626673221588
0.26035991311073303
0.18021732568740845
0.19619421660900116
0.13488328456878662
0.29249122738838196
0.13316422700881958
0.22790299355983734
0.07384870946407318
0.17598392069339752
0.110259048640728
0.2595016360282898
0.20300017297267914
0.2262434959411621
0.16923785209655762
0.21167415380477905
0.2803403437137604
0.12641389667987823
0.21215704083442688
0.10192239284515381
0.20053906738758087
0.12757238745689392
0.277846097946167
0.26035991311073303
0.23748765885829926
0.2110050618648529
0.20707285404205322
0.1559275984764099
0.14072783291339874
0.11554206162691116
0.17878395318984985
0.1290494054555893
0.15307873487472534
0.11262790858745575
0.0634562224149704
0.14372429251670837
0.17095281183719635
0.1399097442626953
0.2901332974433899
0.1685183197259903
0.11259348690509796
0.2383711040019989
0.16166439652442932
0.09664925187826157
0.08000495284795761
0.1244138553738594
0.07590363174676895
0.09350572526454926
0.1564527153968811
0.0908762514591217
0.08816207945346832
0.07950395345687866
0.2645832300186157
0.1573033183813095
0.2268565148115158
0.226051464676857
0.14761807024478912
0.2624569535255432
0.23818066716194153
0.14333103597164154
0.25314590334892273
0.035006292164325714
0.09668011218309402
0.13544006645679474
0.1904536932706833
0.208641916513443
0.20952439308166504
0.17008846998214722
0.17793741822242737
0.10542131215333939
0.19209912419319153
0.21541239321231842
0.11821930855512619
0.2695104777812958
0.05972405895590782
0.23598118126392365
0.19549475610256195
0.07003183662891388
0.114209845662117
0.3467177748680115
0.16809235513210297
0.14591644704341888
0.12865792214870453
0.19406786561012268
0.07299638539552689
0.17116840183734894
0.26800423860549927
0.2222324162721634
0.08517388999462128
0.1387825310230255
0.11504776775836945
0.21592240035533905
0.14034992456436157
0.17468740046024323
0.22225919365882874
0.2620490491390228
0.24135780334472656
0.09542380273342133
0.12001192569732666
0.09574964642524719
0.19454748928546906
0.1552382856607437
0.19924230873584747
0.20670685172080994
0.16893844306468964
0.3467177748680115
0.16329261660575867
0.08860962092876434
0.17057663202285767
0.0984131470322609
0.13348491489887238
0.2629128694534302
0.28831738233566284
0.211674302816391
0.1994391679763794
0.3666139543056488
0.12259747833013535
0.14305612444877625
0.18710434436798096
0.2117144763469696
0.22225919365882874
0.2242571860551834
0.22791992127895355
0.17289063334465027
0.13226234912872314
0.17526134848594666
0.1617770940065384
0.29763907194137573
0.09795501083135605
0.22560982406139374
0.23400749266147614
0.09112465381622314
0.17726387083530426
0.18539679050445557
0.15380848944187164
0.1677224338054657
0.050716694444417953
0.24045710265636444
0.21166403591632843
0.13307535648345947
0.12245658785104752
0.3017824590206146
0.21671484410762787
0.0882016196846962
0.19684262573719025
0.15648828446865082
0.17526134848594666
0.24768832325935364
0.2193887084722519
0.16224084794521332
0.2162463217973709
0.2662508487701416
0.28946036100387573
0.12740536034107208
0.2071094810962677
0.1865149885416031
0.0843343585729599
0.13430127501487732
0.13730068504810333
0.1944126933813095
0.035006292164325714
0.0672345831990242
0.24365846812725067
0.13758523762226105
0.29141950607299805
0.09455758333206177
0.12272990494966507
0.09379254281520844
0.31609684228897095
0.25906938314437866
0.09660849720239639
0.15014362335205078
0.13152174651622772
0.29141950607299805
0.2193887084722519
0.19592787325382233
0.15698713064193726
0.2661380469799042
0.24377016723155975
0.1300981491804123
0.3507300615310669
0.24918389320373535
0.13170748949050903
0.23818066716194153
0.23239988088607788
0.11554206162691116
0.07564280182123184
0.19510672986507416
0.3467177748680115
0.18653322756290436
0.26204150915145874
0.050136812031269073
0.08860962092876434
0.2331453263759613
0.16470816731452942
0.1960017830133438
0.09583687037229538
0.11306184530258179
0.2725387215614319
0.2094363421201706
0.24890021979808807
0.036310940980911255
0.12477287650108337
0.18508586287498474
0.26204150915145874
0.16111427545547485
0.1319855898618698
0.27317681908607483
0.0913396030664444
0.032116979360580444
0.05850045010447502
0.20670685172080994
0.09082069993019104
0.09873893857002258
0.23748765885829926
0.2549054026603699
0.17793741822242737
0.23647409677505493
0.18524952232837677
0.20399710536003113
0.18684066832065582
0.2682229280471802
0.17875468730926514
0.08889602869749069
0.20691847801208496
0.34378111362457275
0.1690562516450882
0.1102161556482315
0.28263193368911743
0.24845871329307556
0.15175274014472961
0.20742419362068176
0.09022248536348343
0.3467177748680115
0.28946036100387573
0.2521320581436157
0.07134215533733368
0.06524666398763657
0.13215845823287964
0.2695104777812958
0.17834055423736572
0.13429497182369232
0.05023220553994179
0.2193887084722519
0.09183035790920258
0.10542131215333939
0.26035991311073303
0.16743873059749603
0.16679546236991882
0.11495481431484222
0.2366160750389099
0.06883075833320618
0.23951393365859985
0.17435604333877563
0.09249965101480484
0.06881420314311981
0.15182413160800934
0.03686714917421341
0.11841882765293121
0.1811722368001938
0.06771495938301086
0.17805223166942596
0.26267939805984497
0.14758455753326416
0.2682229280471802
0.1763230562210083
0.12435857951641083
0.1609274297952652
0.306175172328949
0.24632379412651062
0.1445072889328003
0.08860962092876434
0.2638435661792755
0.1585778445005417
0.16553659737110138
0.17761918902397156
0.2645832300186157
0.15775474905967712
0.25431543588638306
0.04353994131088257
0.14508333802223206
0.10215701907873154
0.12641389667987823
0.163042351603508
0.2685396373271942
0.08864904940128326
0.09827743470668793
0.17998476326465607
0.1300981491804123
0.24492788314819336
0.09954650700092316
0.20309387147426605
0.075313039124012
0.11841882765293121
0.20311018824577332
0.26429930329322815
0.14589247107505798
0.11796877533197403
0.12537890672683716
0.17008846998214722
0.07985568046569824
0.1061490923166275
0.11841882765293121
0.1051148921251297
0.09196554124355316
0.28831738233566284
0.1939922273159027
0.0718085765838623
0.12641389667987823
0.2662508487701416
0.16386619210243225
0.06080340966582298
0.1924535632133484
0.12641389667987823
0.07108049094676971
0.08666487783193588
0.2984713017940521
0.15221677720546722
0.2935709059238434
0.11852528899908066
0.10363546013832092
0.09249965101480484
0.20670685172080994
0.17968128621578217
0.30217960476875305
0.14333103597164154
0.16486768424510956
0.1840677708387375
0.10350505262613297
0.1570591777563095
0.17220783233642578
0.06730646640062332
0.13332106173038483
0.12469661980867386
0.1932867467403412
0.23520594835281372
0.13170748949050903
0.32403358817100525
0.20747604966163635
0.11913210898637772
0.172235906124115
0.08778905868530273
0.17645281553268433
0.13307906687259674
0.23099741339683533
0.10918759554624557
0.15285807847976685
0.13429497182369232
0.16855916380882263
0.2840660810470581
0.2376173883676529
0.27088257670402527
0.13230596482753754
0.1624709665775299
0.22218677401542664
0.17547227442264557
0.10403192043304443
0.17096374928951263
0.17103134095668793
0.15512718260288239
0.22057312726974487
0.10984909534454346
0.20065796375274658
0.26339468359947205
0.1483607143163681
0.25839534401893616
0.2504255473613739
0.2284173220396042
0.09999413043260574
0.18595728278160095
0.19161133468151093
0.1938837617635727
0.11306184530258179
0.2945076525211334
0.2689819931983948
0.22908636927604675
0.16941814124584198
0.11151431500911713
0.26429930329322815
0.15679854154586792
0.17793741822242737
0.20286764204502106
0.1728522628545761
0.20949317514896393
0.2037554830312729
0.09014920890331268
0.11664216220378876
0.12899279594421387
0.1584651619195938
0.37382522225379944
0.2210654616355896
0.1565791815519333
0.10217650234699249
0.2689819931983948
0.13871073722839355
0.13214126229286194
0.13333408534526825
0.1692000925540924
0.12071200460195541
0.07366369664669037
0.15848784148693085
0.10668326914310455
0.1797034740447998
0.07929304987192154
0.2193887084722519
0.15880964696407318
0.0777147188782692
0.2706812918186188
0.191648930311203
0.09932711720466614
0.27297842502593994
0.1479538381099701
0.23002219200134277
0.1898590624332428
0.14373093843460083
0.20741890370845795
0.3147098422050476
0.08378720283508301
0.05359378084540367
0.08555161952972412
0.2573615312576294
0.20809321105480194
0.2473742961883545
0.18383005261421204
0.13424566388130188
0.20016318559646606
0.18996994197368622
0.24135780334472656
0.19285249710083008
0.1663597822189331
0.30006471276283264
0.2624675929546356
0.26834729313850403
0.11554206162691116
0.2055663913488388
0.11284228414297104
0.26267939805984497
0.10517934709787369
0.14604558050632477
0.20863251388072968
0.0974259302020073
0.1795884519815445
0.2193887084722519
0.22225919365882874
0.0890694409608841
0.14831796288490295
0.1317383199930191
0.13429753482341766
0.07590363174676895
0.0866650640964508
0.207558274269104
0.10496769100427628
0.22498281300067902
0.15948349237442017
0.23182979226112366
0.1784234493970871
0.06479462236166
0.07338695973157883
0.20961765944957733
0.1667693555355072
0.25314590334892273
0.2677975594997406
0.12202617526054382
0.2598288357257843
0.16809788346290588
0.2531775236129761
0.17109818756580353
0.20635944604873657
0.13430127501487732
0.22019919753074646
0.15657657384872437
0.2620490491390228
0.26035991311073303
0.09804036468267441
0.1295304298400879
0.19645926356315613
0.21122990548610687
0.2746763825416565
0.2840660810470581
0.14115849137306213
0.13688944280147552
0.10725279897451401
0.10085776448249817
0.2193887084722519
0.21401871740818024
0.33160221576690674
0.1663464903831482
0.20792733132839203
0.14890338480472565
0.10455437004566193
0.16893844306468964
0.21681185066699982
0.1826402246952057
0.26508888602256775
0.13430127501487732
0.2638435661792755
0.2003580778837204
0.284615695476532
0.13593605160713196
0.07590363174676895
0.1526108682155609
0.1923786997795105
0.17211373150348663
0.2549054026603699
0.23368693888187408
0.13104110956192017
0.16388408839702606
0.23086516559123993
0.11881382018327713
0.21214056015014648
0.12283598631620407
0.14670132100582123
0.19647039473056793
0.17801910638809204
0.1994391679763794
0.16985608637332916
0.1265050619840622
0.14831550419330597
0.21812185645103455
0.25137636065483093
0.13222861289978027
0.1443258374929428
0.32709041237831116
0.20670685172080994
0.1937624216079712
0.2563020586967468
0.2320457547903061
0.16683828830718994
0.216573566198349
0.07590363174676895
0.12336704134941101
0.2554338872432709
0.20409443974494934
0.0919308140873909
0.10819852352142334
0.20300017297267914
0.1597134917974472
0.21710194647312164
0.2193887084722519
0.18521443009376526
0.2627057731151581
0.21671484410762787
0.16405519843101501
0.15435226261615753
0.15516383945941925
0.23295184969902039
0.2549054026603699
0.15556758642196655
0.18075039982795715
0.16387486457824707
0.15746133029460907
0.17625349760055542
0.12807999551296234
0.10422899574041367
0.10720732063055038
0.2604772448539734
0.19477610290050507
0.11554206162691116
0.10181348770856857
0.14876365661621094
0.18910767138004303
0.18292544782161713
0.15663379430770874
0.19750848412513733
0.17826133966445923
0.1904536932706833
0.04944562539458275
0.17793741822242737
0.09506861865520477
0.2508743107318878
0.2166186273097992
0.20840761065483093
0.18539679050445557
0.16683383285999298
0.22042950987815857
0.06652303785085678
0.16432544589042664
0.2737818956375122
0.1313723921775818
0.22276939451694489
0.2027125507593155
0.0880337655544281
0.15061095356941223
0.18876510858535767
0.15355204045772552
0.07686564326286316
0.22617162764072418
0.1714327484369278
0.0528704896569252
0.17795254290103912
0.08847076445817947
0.09619783610105515
0.2840660810470581
0.1663597822189331
0.1465936303138733
0.1506527066230774
0.1571512520313263
0.22364412248134613
0.2824814021587372
0.17116890847682953
0.1004374697804451
0.3467177748680115
0.2435353398323059
0.11841882765293121
0.034976132214069366
0.1526591181755066
0.25425565242767334
0.12336704134941101
0.20650680363178253
0.18697649240493774
0.3228706419467926
0.2320457547903061
0.11306184530258179
0.17770229279994965
0.25166916847229004
0.26267939805984497
0.2521320581436157
0.27333590388298035
0.29069212079048157
0.2812518775463104
0.1784522533416748
0.09765946865081787
0.13982291519641876
0.21738301217556
0.1170392632484436
0.18109804391860962
0.23743973672389984
0.1927269548177719
0.2752814292907715
0.18659211695194244
0.24652451276779175
0.15680359303951263
0.2021082490682602
0.15159979462623596
0.11370497941970825
0.3062664568424225
0.15751172602176666
0.14880312979221344
0.14818476140499115
0.09250212460756302
0.13876327872276306
0.13391640782356262
0.09340114146471024
0.13141374289989471
0.26036545634269714
0.26452767848968506
0.2549054026603699
0.1685197800397873
0.2037554830312729
0.22885586321353912
0.3259231150150299
0.10102890431880951
0.17647626996040344
0.1856987178325653
0.2198883593082428
0.1813284456729889
0.09588011354207993
0.20328745245933533
0.16893844306468964
0.1639966368675232
0.24016647040843964
0.13858027756214142
0.13897769153118134
0.2192683070898056
0.15006932616233826
0.15333059430122375
0.34480929374694824
0.1585778445005417
0.12490049749612808
0.08860962092876434
0.26383480429649353
0.15522000193595886
0.14092299342155457
0.1909087747335434
0.2762013375759125
0.1304980218410492
0.10220479220151901
0.21880869567394257
0.2549054026603699
0.10455374419689178
0.26458263397216797
0.27173811197280884
0.13785263895988464
0.13334785401821136
0.12641389667987823
0.23400749266147614
0.09794463962316513
0.15003830194473267
0.15331938862800598
0.16387486457824707
0.19549475610256195
0.2787516713142395
0.1749855875968933
0.11487720161676407
0.1644454300403595
0.09492859989404678
0.2558835446834564
0.30427825450897217
0.2938089966773987
0.15775474905967712
0.08685924112796783
0.14054632186889648
0.19938044250011444
0.3118532598018646
0.23319409787654877
0.06988631933927536
0.2665705978870392
0.1859801560640335
0.1714327484369278
0.2682229280471802
0.2549054026603699
0.055862583220005035
0.2026231735944748
0.1300981491804123
0.22042950987815857
0.048063013702631
0.16386619210243225
0.054402146488428116
0.15493473410606384
0.1278192102909088
0.0854375958442688
0.03518487885594368
0.23335805535316467
0.10210524499416351
0.10474089533090591
0.282722532749176
0.17175716161727905
0.1372932642698288
0.14669197797775269
0.12259747833013535
0.2593086063861847
0.27197882533073425
0.1046130433678627
0.23883996903896332
0.21008038520812988
0.16778647899627686
0.20076090097427368
0.07983866333961487
0.2062770277261734
0.17041979730129242
0.15702766180038452
0.2109999805688858
0.057635851204395294
0.1692000925540924
0.19153355062007904
0.0850815623998642
0.2883162498474121
0.2956528663635254
0.2620490491390228
0.21468932926654816
0.16393087804317474
0.14286984503269196
0.06843328475952148
0.14072783291339874
0.12989987432956696
0.1763230562210083
0.2193887084722519
0.16968466341495514
0.09618309140205383
0.2034989446401596
0.11769820749759674
0.24170123040676117
0.20231223106384277
0.24203623831272125
0.2787516713142395
0.2670285403728485
0.21214659512043
0.23243844509124756
0.1825372278690338
0.1617722064256668
0.20348891615867615
0.18105103075504303
0.3147098422050476
0.2766398787498474
0.1571512520313263
0.2105112224817276
0.04890919476747513
0.2193887084722519
0.21294178068637848
0.2235778421163559
0.2061653435230255
0.27466264367103577
0.20286764204502106
0.06536803394556046
0.11208593100309372
0.16280734539031982
0.19122910499572754
0.05527614429593086
0.20552538335323334
0.18724822998046875
0.21192529797554016
0.04582132771611214
0.17510747909545898
0.32308509945869446
0.2048892080783844
0.22087112069129944
0.21368099749088287
0.0897333100438118
0.16332653164863586
0.17008867859840393
0.2888033092021942
0.17816376686096191
0.2242571860551834
0.2573615312576294
0.3135806918144226
0.1318528950214386
0.14818936586380005
0.17834055423736572
0.09262597560882568
0.18490582704544067
0.11591363698244095
0.14923007786273956
0.10825283825397491
0.24663947522640228
0.16556525230407715
0.1251264214515686
0.19285157322883606
0.03454511985182762
0.19652684032917023
0.22950932383537292
0.20695723593235016
0.26190829277038574
0.14044715464115143
0.21481835842132568
0.1763230562210083
0.18446841835975647
0.16904699802398682
0.1479056477546692
0.25117191672325134
0.2432621866464615
0.19209912419319153
0.12469661980867386
0.18711018562316895
0.22314202785491943
0.252181738615036
0.2125881165266037
0.1428091824054718
0.16923139989376068
0.1128394603729248
0.21079206466674805
0.3467177748680115
0.13833317160606384
0.12394595146179199
0.07793108373880386
0.16880302131175995
0.15852312743663788
0.1846114844083786
0.11841882765293121
0.061333123594522476
0.2984621524810791
0.20065796375274658
0.2143907994031906
0.2552955448627472
0.17295178771018982
0.11841882765293121
0.24538183212280273
0.17079369723796844
0.1932867467403412
0.06052660569548607
0.04682951420545578
0.25337228178977966
0.17617520689964294
0.0961044654250145
0.2308417558670044
0.332450807094574
0.2037554830312729
0.2521320581436157
0.11841882765293121
0.14865373075008392
0.13733570277690887
0.1593368500471115
0.18346358835697174
0.1681441366672516
0.21935097873210907
0.23239988088607788
0.13713395595550537
0.2737818956375122
0.08606769144535065
0.12444539368152618
0.23917251825332642
0.26204150915145874
0.11208593100309372
0.13330936431884766
0.2176477611064911
0.25390586256980896
0.22576904296875
0.308089941740036
0.1585778445005417
0.2549054026603699
0.2462874948978424
0.2193887084722519
0.0851970836520195
0.15797246992588043
0.306175172328949
0.1115199476480484
0.15335588157176971
0.21897950768470764
0.24407842755317688
0.15482066571712494
0.20606204867362976
0.20581160485744476
0.1951783001422882
0.2521320581436157
0.13328737020492554
0.2521320581436157
0.1825372278690338
0.23239988088607788
0.16627678275108337
0.1324235200881958
0.22143064439296722
0.11380310356616974
0.21567492187023163
0.21487629413604736
0.2351333200931549
0.10022101551294327
0.26478245854377747
0.14072783291339874
0.17617520689964294
0.14149592816829681
0.17530129849910736
0.18384122848510742
0.03264700621366501
0.2122935801744461
0.095423623919487
0.1557743400335312
0.0884857177734375
0.1869731843471527
0.306175172328949
0.24841263890266418
0.19192412495613098
0.2446957230567932
0.130152627825737
0.33663156628608704
0.09931908547878265
0.20681509375572205
0.16728484630584717
0.12551669776439667
0.1947202980518341
0.07268966734409332
0.07718928903341293
0.23184485733509064
0.1324160099029541
0.1798771321773529
0.16768786311149597
0.18410345911979675
0.1300981491804123
0.1582581251859665
0.25136837363243103
0.06728091090917587
0.25314590334892273
0.13185009360313416
0.06322364509105682
0.27466264367103577
0.24297311902046204
0.1763230562210083
0.25006380677223206
0.1365993320941925
0.1894078403711319
0.15207110345363617
0.11390625685453415
0.11304769665002823
0.18204860389232635
0.20323114097118378
0.19619421660900116
0.11306184530258179
0.28831738233566284
0.14648263156414032
0.2347848266363144
0.30194541811943054
0.2522091269493103
0.24274535477161407
0.17229269444942474
0.11198298633098602
0.16099773347377777
0.20985430479049683
0.09042922407388687
0.17287267744541168
0.20742419362068176
0.11638298630714417
0.0677245482802391
0.15941090881824493
0.18732301890850067
0.2604902684688568
0.26103106141090393
0.081932432949543
0.20891395211219788
0.2330603450536728
0.13844355940818787
0.08860962092876434
0.08687964081764221
0.11796877533197403
0.168436199426651
0.24135780334472656
0.11111026257276535
0.11957534402608871
0.18780285120010376
0.2638435661792755
0.18580178916454315
0.2193887084722519
0.08666487783193588
0.22116805613040924
0.0858912542462349
0.0786338523030281
0.19281938672065735
0.16137036681175232
0.15802036225795746
0.11306184530258179
0.24949577450752258
0.05882643163204193
0.08959873765707016
0.3363046944141388
0.20671413838863373
0.2468457967042923
0.10741865634918213
0.181633859872818
0.1571512520313263
0.17137980461120605
0.23818066716194153
0.1024017184972763
0.22062498331069946
0.2166186273097992
0.27466264367103577
0.03176417574286461
0.19436150789260864
0.1560167372226715
0.27872365713119507
0.25522488355636597
0.1663597822189331
0.03859376162290573
0.14840692281723022
0.21184924244880676
0.16470816731452942
0.12951643764972687
0.2193887084722519
0.10906767845153809
0.08224351704120636
0.09605931490659714
0.2440653294324875
0.2573615312576294
0.14945386350154877
0.2812518775463104
0.30322638154029846
0.0966407060623169
0.11820794641971588
0.11918051540851593
0.1607046276330948
0.18745571374893188
0.17140699923038483
0.2193887084722519
0.2397652119398117
0.17793741822242737
0.08141223341226578
0.26519396901130676
0.20613235235214233
0.1965937614440918
0.19875723123550415
0.09676758199930191
0.07470754534006119
0.08996056765317917
0.2521320581436157
0.23818066716194153
0.11264103651046753
0.2840660810470581
0.12275296449661255
0.06587307155132294
0.10978944599628448
0.17547227442264557
0.1994391679763794
0.19036489725112915
0.19023917615413666
0.2173866629600525
0.07470754534006119
0.2620490491390228
0.21882914006710052
0.30826741456985474
0.19450892508029938
0.2549054026603699
0.13893285393714905
0.18084995448589325
0.2193887084722519
0.27045193314552307
0.2039993554353714
0.1665801852941513
0.1472838670015335
0.08292200416326523
0.05243696644902229
0.08706491440534592
0.2538934648036957
0.2595977485179901
0.15484966337680817
0.16809235513210297
0.2576763331890106
0.11554206162691116
0.14958593249320984
0.05048436298966408
0.06879984587430954
0.19450892508029938
0.20670685172080994
0.16534820199012756
0.2706812918186188
0.1498725861310959
0.19662541151046753
0.15038654208183289
0.22225919365882874
0.306175172328949
0.1428091824054718
0.3405730724334717
0.1988268494606018
0.17650046944618225
0.15115731954574585
0.2071625292301178
0.17829853296279907
0.1430148035287857
0.0900735855102539
0.1690499484539032
0.14072783291339874
0.18950816988945007
0.06403736025094986
0.23580272495746613
0.2531775236129761
0.05324218422174454
0.04572505131363869
0.13772007822990417
0.06111272796988487
0.1954478770494461
0.19925522804260254
0.24879728257656097
0.14530515670776367
0.19645430147647858
0.27236175537109375
0.019603706896305084
0.0503167100250721
0.11197119206190109
0.1663597822189331
0.15473248064517975
0.1851740926504135
0.048289645463228226
0.1525408774614334
0.2202889323234558
0.30427825450897217
0.2824814021587372
0.11208593100309372
0.1648070365190506
0.18539679050445557
0.2004374861717224
0.06275715678930283
0.12349472939968109
0.10165832936763763
0.2193887084722519
0.25522488355636597
0.10248143970966339
0.09066730737686157
0.11554206162691116
0.21445618569850922
0.3100600838661194
0.14147710800170898
0.20579545199871063
0.09605931490659714
0.2662508487701416
0.18158525228500366
0.12532469630241394
0.20286764204502106
0.20217543840408325
0.18948020040988922
0.3008045256137848
0.18062004446983337
0.09979613870382309
0.10126905143260956
0.2340678721666336
0.16145636141300201
0.13482674956321716
0.14336343109607697
0.13289865851402283
0.0786338523030281
0.24281258881092072
0.14721228182315826
0.13061384856700897
0.11306184530258179
0.143785297870636
0.0977887287735939
0.11208593100309372
0.19185355305671692
0.0984131470322609
0.1597134917974472
0.11089488863945007
0.08124233782291412
0.30427825450897217
0.2388472855091095
0.18950816988945007
0.12547050416469574
0.12663832306861877
0.17370463907718658
0.18490582704544067
0.11306184530258179
0.21671484410762787
0.2824814021587372
0.2549054026603699
0.1362348347902298
0.13042986392974854
0.2226254791021347
0.21679985523223877
0.24274694919586182
0.025324175134301186
0.05723131075501442
0.22225919365882874
0.1932867467403412
0.24431870877742767
0.19232384860515594
0.10102890431880951
0.32505738735198975
0.18540845811367035
0.20241615176200867
0.0984131470322609
0.08400256186723709
0.14723125100135803
0.20374272763729095
0.2037554830312729
0.17702676355838776
0.09999413043260574
0.15001249313354492
0.20708781480789185
0.09320122748613358
0.17525674402713776
0.17537711560726166
0.09376993775367737
0.17303989827632904
0.16489991545677185
0.25575390458106995
0.18740075826644897
0.2095184475183487
0.19109223783016205
0.24882115423679352
0.20868492126464844
0.20881661772727966
0.11269073188304901
0.2148621827363968
0.2443571537733078
0.11554206162691116
0.15797246992588043
0.23662860691547394
0.1469815969467163
0.10985611379146576
0.20108281075954437
0.25797784328460693
0.09249965101480484
0.1399819552898407
0.2677975594997406
0.17672422528266907
0.28659334778785706
0.23144853115081787
0.10102890431880951
0.22315602004528046
0.22908636927604675
0.2098691612482071
0.33160221576690674
0.08059565722942352
0.17184989154338837
0.18508648872375488
0.2193887084722519
0.13504087924957275
0.190668985247612
0.11298173666000366
0.08666487783193588
0.15498122572898865
0.32935428619384766
0.06072164699435234
0.23938031494617462
0.1584651619195938
0.18582719564437866
0.13376128673553467
0.15333686769008636
0.22614668309688568
0.061928678303956985
0.12641389667987823
0.23313117027282715
0.15500624477863312
0.0592583492398262
0.174319326877594
0.21603074669837952
0.265127032995224
0.0933711901307106
0.2620490491390228
0.16108809411525726
0.2235778421163559
0.17583562433719635
0.18600206077098846
0.20046889781951904
0.11554206162691116
0.10859854519367218
0.21188175678253174
0.16728484630584717
0.19406786561012268
0.03176417574286461
0.23182180523872375
0.15431970357894897
0.20286764204502106
0.09376993775367737
0.1124267503619194
0.2128995954990387
0.22427256405353546
0.27088257670402527
0.17040517926216125
0.14429645240306854
0.20579545199871063
0.2526877224445343
0.25464415550231934
0.14346349239349365
0.07263081520795822
0.14647367596626282
0.17284484207630157
0.23113712668418884
0.2662508487701416
0.16341450810432434
0.18798232078552246
0.18308261036872864
0.24111002683639526
0.13430127501487732
0.22950932383537292
0.2531775236129761
0.1654186099767685
0.21686814725399017
0.23230573534965515
0.19412826001644135
0.38889700174331665
0.12144775688648224
0.045672763139009476
0.15680359303951263
0.20286764204502106
0.22725939750671387
0.22753673791885376
0.22225919365882874
0.12469661980867386
0.10846483707427979
0.09795501083135605
0.2853119373321533
0.16613754630088806
0.11869499087333679
0.17896869778633118
0.19351144134998322
0.13333408534526825
0.15331892669200897
0.20286764204502106
0.22667691111564636
0.20008550584316254
0.20286764204502106
0.18580178916454315
0.21671484410762787
0.17163123190402985
0.08295372128486633
0.25677490234375
0.12252845615148544
0.21474111080169678
0.2193887084722519
0.19351176917552948
0.19078785181045532
0.15381084382534027
0.2062770277261734
0.2142980694770813
0.139907568693161
0.15941090881824493
0.2489689439535141
0.1396608054637909
0.1882525533437729
0.21313321590423584
0.25054699182510376
0.27150774002075195
0.1372932642698288
0.08860962092876434
0.26684892177581787
0.17220783233642578
0.07946182787418365
0.08704496920108795
0.054527636617422104
0.22472219169139862
0.16229945421218872
0.20630455017089844
0.24152296781539917
0.2193887084722519
0.3142223656177521
0.11152447015047073
0.15254054963588715
0.17132213711738586
0.05371296405792236
0.1621629148721695
0.21959708631038666
0.17834055423736572
0.1717505156993866
0.12305322289466858
0.0833757221698761
0.11820794641971588
0.21625804901123047
0.20670685172080994
0.332450807094574
0.1947784721851349
0.12425526231527328
0.12154531478881836
0.13850685954093933
0.09404043853282928
0.26204150915145874
0.10102890431880951
0.161719411611557
0.18997244536876678
0.08963112533092499
0.22733601927757263
0.2338414341211319
0.2500559985637665
0.21368099749088287
0.203656405210495
0.18957197666168213
0.13742764294147491
0.2965974509716034
0.09659112989902496
0.0573418065905571
0.11298173666000366
0.21995916962623596
0.1869107186794281
0.2126625031232834
0.3467177748680115
0.22185760736465454
0.2549054026603699
0.18079835176467896
0.23512336611747742
0.09795501083135605
0.10581230372190475
0.13089779019355774
0.21076080203056335
0.22587434947490692
0.08497634530067444
0.11385371536016464
0.09369594603776932
0.11961951106786728
0.23216190934181213
0.2584185004234314
0.0845407247543335
0.20681509375572205
0.07114164531230927
0.216573566198349
0.22910338640213013
0.0833061933517456
0.12747573852539062
0.1631590574979782
0.20115214586257935
0.26035991311073303
0.2840660810470581
0.13077309727668762
0.09540046751499176
0.17193645238876343
0.046782344579696655
0.10217650234699249
0.14244608581066132
0.18862299621105194
0.14072783291339874
0.18858958780765533
0.1817539781332016
0.2193887084722519
0.2193887084722519
0.1426614373922348
0.16424892842769623
0.228439599275589
0.07264988869428635
0.27045193314552307
0.12892848253250122
0.08860962092876434
0.17863188683986664
0.3118532598018646
0.2620490491390228
0.1646571308374405
0.14635436236858368
0.20115214586257935
0.2681167423725128
0.15332849323749542
0.2638435661792755
0.2193887084722519
0.19620317220687866
0.24308596551418304
0.17220783233642578
0.10507547855377197
0.18823044002056122
0.24740897119045258
0.1245790645480156
0.11554206162691116
0.10439082235097885
0.1301552653312683
0.1372932642698288
0.12641389667987823
0.2780238389968872
0.28958117961883545
0.21679985523223877
0.08349788188934326
0.14115163683891296
0.12550155818462372
0.2264980971813202
0.24002110958099365
0.23598118126392365
0.22225919365882874
0.13727717101573944
0.08797746896743774
0.07422051578760147
0.1693391352891922
0.2790020704269409
0.12033087015151978
0.07028129696846008
0.1193041056394577
0.20919159054756165
0.13631629943847656
0.22225919365882874
0.2039613127708435
0.20901638269424438
0.2193887084722519
0.25006380677223206
0.20278812944889069
0.14568045735359192
0.16809235513210297
0.2462874948978424
0.2505966126918793
0.23153828084468842
0.15198498964309692
0.18173684179782867
0.23561769723892212
0.14963358640670776
0.1479056477546692
0.2549054026603699
0.27197882533073425
0.2236223667860031
0.1239028126001358
0.05737420171499252
0.20891855657100677
0.08426397293806076
0.15491807460784912
0.29987043142318726
0.27521467208862305
0.11070529371500015
0.10886799544095993
0.13533872365951538
0.17968128621578217
0.10754691064357758
0.24184687435626984
0.30322638154029846
0.15797246992588043
0.17407561838626862
0.11113036423921585
0.09066680818796158
0.10752534866333008
0.2576763331890106
0.16386619210243225
0.10899826884269714
0.18423496186733246
0.10905969142913818
0.27361467480659485
0.22668863832950592
0.1708245575428009
0.09376993775367737
0.15826909244060516
0.22797977924346924
0.1575622409582138
0.14846885204315186
0.196173757314682
0.11258857697248459
0.15367960929870605
0.1932867467403412
0.23276947438716888
0.1952049732208252
0.2569947838783264
0.21337930858135223
0.09664878994226456
0.18102678656578064
0.1143951267004013
0.09435269981622696
0.13170748949050903
0.1545715630054474
0.22908636927604675
0.17181940376758575
0.21548588573932648
0.1599610596895218
0.20555277168750763
0.2277439534664154
0.17452006042003632
0.12523548305034637
0.18253566324710846
0.24297913908958435
0.1569710522890091
0.22418276965618134
0.28946036100387573
0.10954534262418747
0.2521320581436157
0.2033650428056717
0.11841882765293121
0.16728484630584717
0.31609684228897095
0.09772363305091858
0.22225919365882874
0.06689483672380447
0.332450807094574
0.16809788346290588
0.14840692281723022
0.21444766223430634
0.14830702543258667
0.18697819113731384
0.13725309073925018
0.17629770934581757
0.13861779868602753
0.13200289011001587
0.04648290202021599
0.11932042986154556
0.12391504645347595
0.036056406795978546
0.23404675722122192
0.15310053527355194
0.21038387715816498
0.2062770277261734
0.1846720576286316
0.19925522804260254
0.17635400593280792
0.1170392632484436
0.22062498331069946
0.18451155722141266
0.19620423018932343
0.25006380677223206
0.20425280928611755
0.21671484410762787
0.12532168626785278
0.16809235513210297
0.20576822757720947
0.13727450370788574
0.12049086391925812
0.16348464787006378
0.17362965643405914
0.23707258701324463
0.23199832439422607
0.139029860496521
0.23099741339683533
0.2737818956375122
0.15127742290496826
0.06697557121515274
0.11796877533197403
0.12142135202884674
0.17778323590755463
0.09962882846593857
0.06356985121965408
0.2037554830312729
0.11869499087333679
0.2521320581436157
0.08812166750431061
0.2501669228076935
0.06371614336967468
0.31916558742523193
0.14469245076179504
0.10827470570802689
0.1593368500471115
0.150350421667099
0.2549054026603699
0.2519294321537018
0.1272345334291458
0.14880312979221344
0.3179713785648346
0.08517388999462128
0.1533755660057068
0.08265326917171478
0.2193887084722519
0.14088739454746246
0.08719150722026825
0.2761441171169281
0.20166686177253723
0.0426817424595356
0.13911297917366028
0.0573418065905571
0.15744519233703613
0.13277342915534973
0.22464904189109802
0.13974158465862274
0.11922095715999603
0.22693577408790588
0.16224223375320435
0.19092980027198792
0.20793575048446655
0.04828138276934624
0.19084633886814117
0.052190929651260376
0.2150622457265854
0.1571512520313263
0.17672422528266907
0.08338949829339981
0.12641389667987823
0.11160485446453094
0.2109999805688858
0.1623407006263733
0.21771574020385742
0.13106338679790497
0.11412731558084488
0.2250649780035019
0.1300981491804123
0.18141360580921173
0.28576597571372986
0.3012852072715759
0.21567492187023163
0.17115725576877594
0.11799769103527069
0.306175172328949
0.15545551478862762
0.23391741514205933
0.17461374402046204
0.1738220453262329
0.26475298404693604
0.24221698939800262
0.18066810071468353
0.1663464903831482
0.3467177748680115
0.2753567397594452
0.1959092766046524
0.14328280091285706
0.26600557565689087
0.1095389723777771
0.22908636927604675
0.19612988829612732
0.13430127501487732
0.14477655291557312
0.30427825450897217
0.2841813564300537
0.13061384856700897
0.22420340776443481
0.13083001971244812
0.1436525285243988
0.26383480429649353
0.2193887084722519
0.1994534283876419
0.2186834216117859
0.23583392798900604
0.20650973916053772
0.2194107323884964
0.31323808431625366
0.12641389667987823
0.10215701907873154
0.23208999633789062
0.21671484410762787
0.07749658823013306
0.060362376272678375
0.2573615312576294
0.1693916767835617
0.09203840792179108
0.13254030048847198
0.10102890431880951
0.1953924298286438
0.18521876633167267
0.19992199540138245
0.2803403437137604
0.08112591505050659
0.12760819494724274
0.23332910239696503
0.21253328025341034
0.15006932616233826
0.15842778980731964
0.27322691679000854
0.12168020009994507
0.21671484410762787
0.11333780735731125
0.3061639666557312
0.11554206162691116
0.17648868262767792
0.16718916594982147
0.2193887084722519
0.20863251388072968
0.17393594980239868
0.16383998095989227
0.1827773153781891
0.2468457967042923
0.1624463051557541
0.18307828903198242
0.2549054026603699
0.2841813564300537
0.10125862061977386
0.20778430998325348
0.18685875833034515
0.2011091262102127
0.14497601985931396
0.22804291546344757
0.26498815417289734
0.2109999805688858
0.21642176806926727
0.23455385863780975
0.26204150915145874
0.1992989182472229
0.09404043853282928
0.24048034846782684
0.1744888871908188
0.27740633487701416
0.16103577613830566
0.2545207738876343
0.26035991311073303
0.2160998433828354
0.15370699763298035
0.17093110084533691
0.18451155722141266
0.05140466243028641
0.16752342879772186
0.08944553136825562
0.16196802258491516
0.11101509630680084
0.1279340237379074
0.2645832300186157
0.2148367017507553
0.2401328682899475
0.12444334477186203
0.0786338523030281
0.24677914381027222
0.14683109521865845
0.15713363885879517
0.2662508487701416
0.12641389667987823
0.21413080394268036
0.20286764204502106
0.2930966913700104
0.17163848876953125
0.252181738615036
0.20402605831623077
0.22578664124011993
0.2806135416030884
0.20329847931861877
0.22225919365882874
0.24133984744548798
0.22484004497528076
0.1811722368001938
0.19748733937740326
0.06683602929115295
0.17141678929328918
0.15941090881824493
0.1552044153213501
0.18212902545928955
0.19275857508182526
0.10645131766796112
0.2549054026603699
0.03733007237315178
0.2793278694152832
0.20939482748508453
0.26519396901130676
0.1281348317861557
0.0788152739405632
0.2519577741622925
0.13547757267951965
0.30059558153152466
0.10754268616437912
0.25868818163871765
0.18347100913524628
0.10161863267421722
0.2100544422864914
0.21679985523223877
0.217704176902771
0.306175172328949
0.15628491342067719
0.17743875086307526
0.16205862164497375
0.13119959831237793
0.0623798631131649
0.3233717381954193
0.12049086391925812
0.165440633893013
0.10665882378816605
0.27088257670402527
0.05223968252539635
0.20026667416095734
0.1520446389913559
0.10102890431880951
0.18580178916454315
0.1685183197259903
0.2729707956314087
0.1523163914680481
0.08517388999462128
0.19088219106197357
0.12257418781518936
0.15920208394527435
0.20251424610614777
0.23397955298423767
0.09945370256900787
0.10959142446517944
0.17672422528266907
0.1128394603729248
0.11306184530258179
0.20149140059947968
0.2576763331890106
0.1427890956401825
0.24859455227851868
0.07135423272848129
0.2964247465133667
0.1475011259317398
0.20375432074069977
0.2645832300186157
0.2662508487701416
0.15241725742816925
0.2220926582813263
0.2329876720905304
0.08843054622411728
0.1089930459856987
0.20742419362068176
0.10837555676698685
0.24297311902046204
0.1904536932706833
0.13488328456878662
0.17213204503059387
0.12429781258106232
0.1587301343679428
0.13378840684890747
0.08860962092876434
0.11169213801622391
0.27304235100746155
0.11841882765293121
0.12784789502620697
0.2638435661792755
0.141013965010643
0.17220783233642578
0.23593546450138092
0.2573615312576294
0.2567780017852783
0.17912374436855316
0.25006380677223206
0.25622719526290894
0.08860962092876434
0.13981394469738007
0.07374588400125504
0.20096291601657867
0.1741163581609726
0.21607230603694916
0.1585778445005417
0.2735755145549774
0.1128394603729248
0.18314947187900543
0.05243696644902229
0.2549054026603699
0.08760270476341248
0.06834350526332855
0.20300017297267914
0.1150398701429367
0.2248794436454773
0.08511558175086975
0.12641389667987823
0.2642229199409485
0.1441597193479538
0.11819086968898773
0.03740863874554634
0.12249670922756195
0.16873271763324738
0.21960952877998352
0.11694030463695526
0.11554206162691116
0.08515051752328873
0.2508833110332489
0.11214295029640198
0.10163571685552597
0.15268495678901672
0.2055715173482895
0.2549054026603699
0.2111489623785019
0.11306184530258179
0.18002064526081085
0.09708757698535919
0.23239988088607788
0.20502935349941254
0.07728834450244904
0.13361361622810364
0.12865792214870453
0.2344442456960678
0.21386849880218506
0.211671382188797
0.17687176167964935
0.2193887084722519
0.08963112533092499
0.1776854693889618
0.21524013578891754
0.30172961950302124
0.28831738233566284
0.22062498331069946
0.09369594603776932
0.156204491853714
0.06305519491434097
0.09615477174520493
0.03749767318367958
0.2051391750574112
0.20584850013256073
0.2383003532886505
0.20832784473896027
0.22560982406139374
0.11306184530258179
0.1654115617275238
0.062408752739429474
0.2433301955461502
0.1127917468547821
0.14497601985931396
0.20024022459983826
0.1943429708480835
0.1589893251657486
0.13292254507541656
0.17663072049617767
0.12865792214870453
0.23755650222301483
0.23759229481220245
0.1604951173067093
0.2662508487701416
0.11322102695703506
0.16392992436885834
0.027878545224666595
0.29141950607299805
0.07139664143323898
0.16341780126094818
0.21764422953128815
0.11214295029640198
0.11742142587900162
0.1022244542837143
0.2132057398557663
0.20866094529628754
0.16127030551433563
0.13758523762226105
0.16643142700195312
0.1166100800037384
0.1650538593530655
0.2840660810470581
0.2244286984205246
0.1932867467403412
0.1460302621126175
0.09249965101480484
0.10758938640356064
0.17132213711738586
0.22138169407844543
0.17761918902397156
0.08481749147176743
0.20286764204502106
0.2957293391227722
0.16287648677825928
0.28529196977615356
0.0984131470322609
0.14035436511039734
0.09071240574121475
0.2824814021587372
0.2131941318511963
0.2576763331890106
0.13548681139945984
0.22624433040618896
0.11233313381671906
0.1079581081867218
0.12190745025873184
0.13830256462097168
0.11498897522687912
0.332450807094574
0.20300281047821045
0.19501625001430511
0.17231084406375885
0.16985993087291718
0.17545630037784576
0.2230394035577774
0.2586227357387543
0.19209912419319153
0.13747696578502655
0.2737818956375122
0.22788996994495392
0.28831738233566284
0.19259540736675262
0.27054455876350403
0.1678769737482071
0.030467083677649498
0.09665895253419876
0.11306184530258179
0.1359686553478241
0.09664878994226456
0.17749367654323578
0.08158658444881439
0.09185634553432465
0.04944562539458275
0.09719181805849075
0.09665895253419876
0.2355283945798874
0.13223832845687866
0.1504727005958557
0.13669350743293762
0.12241901457309723
0.110259048640728
0.10210524499416351
0.17617520689964294
0.19863642752170563
0.16728484630584717
0.24274535477161407
0.1626899242401123
0.1584651619195938
0.0829215720295906
0.33631035685539246
0.25376906991004944
0.11841882765293121
0.12534268200397491
0.11554206162691116
0.23282650113105774
0.14818936586380005
0.16083833575248718
0.154230535030365
0.2111489623785019
0.24083766341209412
0.2549054026603699
0.2220926582813263
0.14034992456436157
0.23373068869113922
0.20065796375274658
0.2620490491390228
0.11431783437728882
0.10890239477157593
0.35265764594078064
0.23897364735603333
0.2388472855091095
0.20359057188034058
0.20579545199871063
0.22670978307724
0.1091863214969635
0.21220305562019348
0.21921294927597046
0.1397673785686493
0.22137559950351715
0.11208593100309372
0.1754741668701172
0.13538356125354767
0.1915208101272583
0.2760809063911438
0.10311347246170044
0.1769891083240509
0.16077710688114166
0.1200992539525032
0.08717888593673706
0.2521320581436157
0.1543443202972412
0.25177204608917236
0.12641389667987823
0.17703118920326233
0.2427547127008438
0.3477396070957184
0.07827857881784439
0.10959142446517944
0.15381084382534027
0.22992169857025146
0.13748426735401154
0.2087404876947403
0.2242697775363922
0.09050916135311127
0.11651506274938583
0.1541273295879364
0.2566787600517273
0.18523375689983368
0.15668371319770813
0.1275365948677063
0.052190929651260376
0.12218489497900009
0.23174531757831573
0.12102089077234268
0.11298173666000366
0.14072783291339874
0.1865098923444748
0.21476367115974426
0.19035936892032623
0.18924033641815186
0.25583115220069885
0.09665895253419876
0.0801534578204155
0.24788862466812134
0.12484345585107803
0.17457373440265656
0.17429347336292267
0.15663379430770874
0.21479247510433197
0.16768105328083038
0.09369594603776932
0.23400749266147614
0.07590363174676895
0.19925522804260254
0.20002798736095428
0.1993328034877777
0.12814873456954956
0.16581349074840546
0.08767549693584442
0.11752353608608246
0.05847389996051788
0.14266237616539001
0.2780238389968872
0.27633967995643616
0.2077963650226593
0.1582941710948944
0.24525266885757446
0.07244738936424255
0.19928660988807678
0.3002251982688904
0.06403736025094986
0.1375146210193634
0.10321060568094254
0.1728469431400299
0.1291750967502594
0.06536803394556046
0.21410542726516724
0.10615689307451248
0.2320457547903061
0.06988425552845001
0.08058833330869675
0.31027835607528687
0.020757010206580162
0.17526134848594666
0.2468457967042923
0.2682229280471802
0.2193887084722519
0.23540154099464417
0.23897364735603333
0.2645832300186157
0.1413036584854126
0.2242571860551834
0.11554206162691116
0.20215731859207153
0.1657237559556961
0.12172944098711014
0.20863251388072968
0.2666025161743164
0.11866612732410431
0.18739256262779236
0.21764127910137177
0.10353203117847443
0.07711515575647354
0.18725110590457916
0.296720027923584
0.2324100285768509
0.1594637781381607
0.18580178916454315
0.24410490691661835
0.3343154489994049
0.0796215757727623
0.10796866565942764
0.1356196254491806
0.33160221576690674
0.22347448766231537
0.07766366750001907
0.2985226511955261
0.12649275362491608
0.12461791932582855
0.2500559985637665
0.2037554830312729
0.2662508487701416
0.18585056066513062
0.1585778445005417
0.27304235100746155
0.17220783233642578
0.10954534262418747
0.2614682614803314
0.1674889773130417
0.15627051889896393
0.20046238601207733
0.12865792214870453
0.11607328802347183
0.2549054026603699
0.20863251388072968
0.06767597049474716
0.07746782898902893
0.10160058736801147
0.17233790457248688
0.1417212188243866
0.28069543838500977
0.154230535030365
0.0408448725938797
0.11306184530258179
0.2638435661792755
0.24676862359046936
0.1947202980518341
0.2037554830312729
0.16948771476745605
0.13491499423980713
0.1625412255525589
0.15802036225795746
0.1460302621126175
0.21898794174194336
0.15339551866054535
0.10145281255245209
0.23520594835281372
0.20286764204502106
0.1057189479470253
0.23655205965042114
0.19928373396396637
0.15632033348083496
0.2700810134410858
0.1128394603729248
0.07494297623634338
0.19706259667873383
0.06165856868028641
0.26725149154663086
0.22700536251068115
0.20746424794197083
0.22196410596370697
0.1976882964372635
0.19232384860515594
0.13458004593849182
0.2062770277261734
0.12308001518249512
0.23769530653953552
0.3286753296852112
0.19669987261295319
0.1523388773202896
0.20670685172080994
0.16386619210243225
0.17384260892868042
0.2549054026603699
0.1763230562210083
0.09389723837375641
0.1648070365190506
0.16210976243019104
0.16119372844696045
0.23598118126392365
0.12879320979118347
0.08124233782291412
0.13170748949050903
0.25522488355636597
0.07878115773200989
0.27304235100746155
0.1300981491804123
0.28808844089508057
0.06836878508329391
0.23785975575447083
0.12782225012779236
0.20906883478164673
0.24514369666576385
0.1932867467403412
0.1300981491804123
0.28892970085144043
0.13911481201648712
0.2086086869239807
0.07026063650846481
0.14808842539787292
0.14528141915798187
0.1763230562210083
0.283235639333725
0.026183931156992912
0.09381542354822159
0.22154904901981354
0.2178637832403183
0.24896690249443054
0.27197882533073425
0.3134240210056305
0.21576307713985443
0.18580178916454315
0.11489514261484146
0.08768226951360703
0.18388697504997253
0.16813652217388153
0.34570178389549255
0.21350285410881042
0.05175099894404411
0.09196554124355316
0.1657961905002594
0.17791114747524261
0.284615695476532
0.22750337421894073
0.15019850432872772
0.14498932659626007
0.1809328943490982
0.1892872154712677
0.13966168463230133
0.1494588553905487
0.15360961854457855
0.11431783437728882
0.17501477897167206
0.13170748949050903
0.16949015855789185
0.2127436399459839
0.2066188007593155
0.1570999175310135
0.22952105104923248
0.2193887084722519
0.2237912267446518
0.25061509013175964
0.1406148076057434
0.06448948383331299
0.13161371648311615
0.13012339174747467
0.15081588923931122
0.12355808168649673
0.11936942487955093
0.17587514221668243
0.1561652570962906
0.15388678014278412
0.13436266779899597
0.26204150915145874
0.19016389548778534
0.1300981491804123
0.113674595952034
0.22062498331069946
0.3194774091243744
0.2841813564300537
0.10846483707427979
0.17201006412506104
0.11859160661697388
0.14302225410938263
0.11564648896455765
0.06618060916662216
0.24577002227306366
0.2737818956375122
0.13152174651622772
0.23721185326576233
0.1865352839231491
0.18833035230636597
0.2549054026603699
0.14526301622390747
0.1324036419391632
0.07118981331586838
0.1811944842338562
0.09524097293615341
0.2576763331890106
0.2620490491390228
0.2289755493402481
0.1648070365190506
0.22731992602348328
0.24773375689983368
0.23956899344921112
0.050554029643535614
0.13924545049667358
0.14049234986305237
0.3186841905117035
0.0623798631131649
0.2193887084722519
0.204646036028862
0.09829125553369522
0.18781672418117523
0.10975788533687592
0.1513686627149582
0.11306184530258179
0.14910659193992615
0.19004341959953308
0.09478912502527237
0.06639014929533005
0.13462676107883453
0.28692731261253357
0.2700810134410858
0.20670685172080994
0.3467177748680115
0.11755355447530746
0.1904536932706833
0.2356116622686386
0.11843354254961014
0.17099185287952423
0.0930422991514206
0.34397292137145996
0.17954817414283752
0.22225919365882874
0.11841882765293121
0.21757595241069794
0.26600557565689087
0.20286764204502106
0.23746727406978607
0.09124000370502472
0.1046689972281456
0.13364554941654205
0.23303131759166718
0.2169579416513443
0.1335349977016449
0.1993972808122635
0.18292544782161713
0.24297913908958435
0.2638435661792755
0.20973610877990723
0.13430127501487732
0.26573655009269714
0.17647626996040344
0.26123085618019104
0.11306184530258179
0.16999104619026184
0.1932867467403412
0.3577476143836975
0.24241310358047485
0.14279219508171082
0.055164922028779984
0.27722984552383423
0.23154522478580475
0.05354816094040871
0.09639135003089905
0.05243696644902229
0.06182454153895378
0.24676862359046936
0.15881706774234772
0.22285805642604828
0.13971653580665588
0.23966699838638306
0.1830742359161377
0.17277972400188446
0.16032899916172028
0.13124334812164307
0.225555419921875
0.12426693737506866
0.023426461964845657
0.042548153549432755
0.12336704134941101
0.21378211677074432
0.20132434368133545
0.10472521185874939
0.11908278614282608
0.1416107416152954
0.1747293919324875
0.11789783835411072
0.14096592366695404
0.22225919365882874
0.14774546027183533
0.05359378084540367
0.2261369526386261
0.13124334812164307
0.1585778445005417
0.1568010002374649
0.2587431073188782
0.154230535030365
0.2508228123188019
0.16998551785945892
0.2178216129541397
0.2281651794910431
0.14266230165958405
0.14072783291339874
0.18882974982261658
0.05243696644902229
0.18312914669513702
0.2173846960067749
0.15424799919128418
0.1106533333659172
0.11298114061355591
0.17938943207263947
0.2803403437137604
0.12587285041809082
0.0873185247182846
0.154230535030365
0.08223814517259598
0.14116668701171875
0.1852903813123703
0.22459883987903595
0.11841882765293121
0.06358019262552261
0.1680990755558014
0.053182367235422134
0.12255413830280304
0.18284527957439423
0.07590363174676895
0.0893673449754715
0.2031383216381073
0.09898781776428223
0.05773725360631943
0.2630760371685028
0.2662508487701416
0.19925522804260254
0.11220625787973404
0.06742598116397858
0.20622067153453827
0.19285249710083008
0.13226531445980072
0.05843869596719742
0.2181456834077835
0.12336704134941101
0.2425549179315567
0.19635067880153656
0.0623798631131649
0.27441835403442383
0.20420444011688232
0.13124334812164307
0.1430148035287857
0.13124334812164307
0.29236555099487305
0.20053906738758087
0.19106632471084595
0.2218221127986908
0.2193887084722519
0.14876659214496613
0.11306184530258179
0.1352274864912033
0.21658416092395782
0.19085688889026642
0.1649099439382553
0.14857932925224304
0.1288055181503296
0.08860962092876434
0.2548152804374695
0.23633445799350739
0.266356498003006
0.1372932642698288
0.21738301217556
0.09017176181077957
0.21343310177326202
0.09149858355522156
0.27466264367103577
0.11841882765293121
0.19351261854171753
0.16850315034389496
0.22737768292427063
0.08412376046180725
0.2088148444890976
0.15826909244060516
0.22570303082466125
0.12523548305034637
0.18882974982261658
0.18089018762111664
0.20804569125175476
0.2501669228076935
0.17793741822242737
0.10300228744745255
0.2073689103126526
0.14292339980602264
0.12523548305034637
0.19117076694965363
0.22087112069129944
0.21256931126117706
0.13153034448623657
0.09369594603776932
0.16554537415504456
0.2549054026603699
0.17025865614414215
0.1594637781381607
0.1479538381099701
0.19450892508029938
0.06909048557281494
0.07764734327793121
0.09309167414903641
0.19232384860515594
0.10600759088993073
0.2909744679927826
0.2776324450969696
0.27738118171691895
0.17801910638809204
0.15300428867340088
0.24135780334472656
0.1275288164615631
0.16294555366039276
0.16893844306468964
0.18204860389232635
0.19788742065429688
0.08785084635019302
0.19063740968704224
0.3467177748680115
0.1041843518614769
0.25680747628211975
0.28443512320518494
0.08114845305681229
0.10796897113323212
0.07875865697860718
0.18393661081790924
0.12346040457487106
0.2620490491390228
0.2173958420753479
0.20660066604614258
0.10454554855823517
0.2064734250307083
0.2419300377368927
0.24429161846637726
0.13215596973896027
0.17494462430477142
0.15624432265758514
0.12823598086833954
0.11140464246273041
0.08860962092876434
0.21618030965328217
0.11850211769342422
0.20290520787239075
0.11159548908472061
0.15965771675109863
0.0875348448753357
0.11208593100309372
0.11298173666000366
0.1038103923201561
0.08097630739212036
0.13238996267318726
0.17968128621578217
0.2576763331890106
0.14029701054096222
0.16636326909065247
0.16893844306468964
0.08862876147031784
0.19925522804260254
0.09795501083135605
0.13980869948863983
0.22019919753074646
0.15941090881824493
0.3009835183620453
0.1879989504814148
0.10959142446517944
0.1723150610923767
0.19706492125988007
0.19550302624702454
0.053418274968862534
0.33419322967529297
0.20887021720409393
0.19639836251735687
0.20348891615867615
0.20275558531284332
0.13713395595550537
0.197606161236763
0.11841882765293121
0.19839249551296234
0.19822482764720917
0.28694087266921997
0.2468457967042923
0.24971334636211395
0.2320457547903061
0.15210089087486267
0.22143064439296722
0.09749787300825119
0.23565705120563507
0.19616276025772095
0.31471219658851624
0.15646325051784515
0.1584509164094925
0.24135780334472656
0.20863251388072968
0.23533844947814941
0.2573615312576294
0.23841696977615356
0.10217650234699249
0.2662508487701416
0.3019409477710724
0.09605931490659714
0.16883648931980133
0.2842876613140106
0.13853825628757477
0.2116187959909439
0.16194169223308563
0.28905799984931946
0.18128402531147003
0.2870157063007355
0.226051464676857
0.0623798631131649
0.24970902502536774
0.259293794631958
0.29236555099487305
0.15945832431316376
0.2235778421163559
0.17132213711738586
0.041085146367549896
0.15367960929870605
0.20151272416114807
0.05113299563527107
0.04944562539458275
0.08203810453414917
0.13302992284297943
0.05359378084540367
0.1859883964061737
0.21980449557304382
0.1270938515663147
0.16417886316776276
0.16032899916172028
0.20065796375274658
0.15608364343643188
0.2550567090511322
0.19285157322883606
0.2193887084722519
0.07470754534006119
0.2652902901172638
0.13511256873607635
0.09890247136354446
0.16809235513210297
0.1763230562210083
0.1930476725101471
0.23927153646945953
0.1475011259317398
0.23400749266147614
0.34042513370513916
0.150625541806221
0.1725846529006958
0.1955382078886032
0.26042935252189636
0.026608934625983238
0.26035991311073303
0.1872117966413498
0.20214787125587463
0.08860962092876434
0.16506613790988922
0.2662508487701416
0.2549054026603699
0.2611996531486511
0.21618030965328217
0.07454675436019897
0.10643614083528519
0.24900411069393158
0.22587040066719055
0.1128394603729248
0.24583348631858826
0.26996806263923645
0.21164877712726593
0.11216843128204346
0.1647704392671585
0.1763230562210083
0.15729761123657227
0.05847389996051788
0.172870934009552
0.2848847210407257
0.07539280503988266
0.16456574201583862
0.12440647184848785
