0.1427611233
0.306412897
0.3324953312
0.3310461143
0.3248079497
0.332252
0.20234838
0.3313229133
0.2124470267
0.18203826
0.1581507603
0.3130263257
0.2461723367
0.1033349333
0.196706395
0.0648053187
0.1972307667
0.2630075667
0.3182353933
0.2944006243
0.3121273333
0.3321646707
0.3295330787
0.1993942913
0.20068206
0.2297842967
0.2633552133
0.3240871907
0.2217077923
0.2691914843
0.2973556233
0.3328996279
0.2572465387
0.331554156
0.15257127
0.3113653987
0.1868289533
0.25058477
0.17671192
0.2097285783
0.1135938867
0.1722521767
0.22009881
0.182405775
0.2819788983
0.1507703117
0.2425792747
0.2220694933
0.3264097527
0.3330883527
0.3193158667
0.3332534446
0.3333276064
0.23751157
0.1333680367
0.3331508867
0.184061455
0.2805949507
0.3030519307
0.333331186
0.2673493
0.3309673005
0.1058279683
0.0973695753
0.18708393
0.3327282322
0.22127798
0.3333333364
0.3218242103
0.3163061927
0.3290735596
0.172944795
0.13732713
0.2746005267
0.2291453733
0.2361297067
0.3076008533
0.3251970879
0.2315071433
0.3037525843
0.2690647467
0.2715843533
0.3107209693
0.3326776725
0.3325700608
0.28554144
0.3330501397
0.3160120557
0.3031142617
0.1578000233
0.1455119633
0.1996159967
0.27304685
0.2564949703
0.3177154867
0.288698285
0.30221829
0.25705286
0.2448661217
0.3070883293
0.1180487113
0.3329142694
0.333067541
0.32679301
0.2315174183
0.3241670013
0.2769830447
0.1808223233
0.2381562367
0.3318851217
0.3244213423
0.2267371717
0.181687782
0.160056062
0.305172442
0.21739666
0.1936862733
0.2880513227
0.27635868
0.2917476413
0.3286615905
0.3224078383
0.1782007133
0.3079097473
0.28303381
0.089784098
0.31515126
0.27314946
0.139511328
0.2630690453
0.2321004647
0.1141853733
0.2565534833
0.1113646067
0.1304380183
0.28886397
0.0875677917
0.3177488687
0.3332641969
0.3238841467
0.331920639
0.2833859807
0.20283676
0.1742796167
0.2518172933
0.3079494583
0.14205654
0.281928399
0.3331287576
0.3001142967
0.3316376533
0.2728446767
0.3321420586
0.30520233
0.3317063123
0.3324973431
0.224267832
0.2412021067
0.169877982
0.2810810737
0.3333329157
0.285838725
0.14938828
0.3311261001
0.2294634287
0.1427006943
0.2943536757
0.2037687467
0.2517173417
0.3273187103
0.1463023133
0.3173818427
0.3332842129
0.330956309
0.2065779867
0.2348050487
0.1338676267
0.3324639483
0.183980225
0.2356523267
0.292145262
0.3154920833
0.304475492
0.2051925967
0.330868147
0.18193772
0.1474839533
0.3333114713
0.171918872
0.309803061
0.3333332017
0.330925276
0.3327209357
0.3332015559
0.22681909
0.3022065867
0.2234110333
0.2755221033
0.317079185
0.3083880287
0.2572564067
0.325062385
0.0950162467
0.2828426
0.3326286855
0.152067512
0.2728643527
0.27253407
0.3295179389
0.12474921
0.2862474733
0.3047960077
0.2457524133
0.223062424
0.325223661
0.23806543
0.3333274934
0.3326780918
0.3310766557
0.2807877833
0.2855746833
0.3331392435
0.328922478
0.3333332477
0.3331991603
0.319925665
0.333329783
0.23999616
0.2887553567
0.3204127373
0.32823179
0.3305713853
0.25179076
0.289525026
0.3255436533
0.3116525543
0.2772651433
0.2714105837
0.290432332
0.1956409
0.3298704224
0.30641452
0.1173142087
0.33206301
0.1979651333
0.3258717537
0.270289875
0.2091926067
0.32237092
0.2703978033
0.3260470973
0.2875858963
0.3284875227
0.3216856513
0.3252445592
0.3274629727
0.274107272
0.2760244467
0.19300477
0.3332451007
0.3333326961
0.2048361433
0.2628803533
0.2215564233
0.3239726118
0.2808522593
0.2964187833
0.3209320183
0.1334868583
0.0800137013
0.2674480083
0.3276773347
0.3144311867
0.329825347
0.2214848
0.3333143319
0.3063686647
0.3135874643
0.3288335478
0.2666119213
0.1093796133
0.3178108833
0.2406594753
0.1578080717
0.177841548
0.312748829
0.3332478241
0.2944068723
0.26566415
0.2294544533
0.3332348657
0.3166755253
0.3332746705
0.17763651
0.1976922867
0.2555007467
0.14762978
0.3333322059
0.2015738027
0.1823114887
0.3258770022
0.2097861267
0.1564936067
0.1600226833
0.1815612367
0.2616888933
0.3311990193
0.1446811833
0.2918493933
0.185467688
0.258527965
0.1046376467
0.21531538
0.1687142687
0.332724328
0.3286673298
0.14419956
0.1287644867
0.3332263673
0.1583265933
0.3333331617
0.3333036345
0.0888978713
0.3148398753
0.2558732387
0.299828936
0.3107062813
0.330827786
0.3196585633
0.2956112167
0.3068008357
0.33266106
0.3332802305
0.1216897667
0.3065128367
0.3328761096
0.210237091
0.316132673
0.2517258567
0.2510377267
0.2411592633
0.2284338233
0.21777837
0.1754046033
0.333221439
0.2991655783
0.3332664801
0.3329732253
0.2409467473
0.3327100181
0.332919712
0.3321782667
0.3333282584
0.260334268
0.3238177297
0.2784953
0.1442789933
0.3329607549
0.3201279247
0.3333221605
0.3333324197
0.3156091358
0.234528448
0.3180838571
0.1883135433
0.2808837467
0.0961144283
0.3333071071
0.2083646033
0.2803829167
0.3060031333
0.1235752243
0.3120178867
0.2449434933
0.0851218717
0.3023412007
0.19193938
0.3271767423
0.3195581827
0.090392455
0.1682800267
0.332806575
0.1643196733
0.306293728
0.095239742
0.292903809
0.10201193
0.3140705973
0.3332506806
0.1441253133
0.21895192
0.3202681733
0.3327203524
0.24482033
0.268993225
0.2718764153
0.2156515967
0.1919738467
0.259717003
0.1809241633
0.1954732067
0.185343578
0.2296484183
0.3308829945
0.1652291067
0.3328770618
0.2683944633
0.3324108908
0.22014949
0.3331657802
0.1662000013
0.327749104
0.2483386933
0.2421837867
0.2012929533
0.31770555
0.1837151347
0.30554551
0.2922736633
0.2484573767
0.2936822767
0.2876505673
0.3203326553
0.3025273633
0.2118871567
0.20469018
0.3326557367
0.2420389053
0.2090222633
0.2583269067
0.16645271
0.26045828
0.1309295033
0.1837042433
0.3331739674
0.16514023
0.2373350193
0.3331950922
0.3327918267
0.1544035033
0.23342903
0.3332845446
0.2978136287
0.3316726958
0.328189885
0.12527132
0.3324406598
0.143541775
0.192627048
0.3214547826
0.27617547
0.2408225247
0.1814122733
0.244302592
0.2837438017
0.3332905316
0.3105673717
0.3230218267
0.313106376
0.3221964197
0.1673271433
0.2297695633
0.09336146
0.322352979
0.2618431813
0.11681719
0.3331536343
0.3309667261
0.329424258
0.1933654767
0.332782962
0.2105270907
0.15937185
0.3317086842
0.19192603
0.238376235
0.322668551
0.3330564767
0.3327467437
0.32095541
0.2921529997
0.22508586
0.3226224397
0.3302876269
0.30383884
0.2251706453
0.1725614833
0.330109369
0.2056300967
0.20671995
0.180231201
0.3140036267
0.16533402
0.2835425467
0.183575958
0.330168224
0.2484048367
0.11901923
0.139830228
0.3327776035
0.3151159
0.28434973
0.3120526277
0.280514635
0.08484832
0.3257809993
0.1093222547
0.2486634267
0.1068173483
0.3307212733
0.2245083967
0.2877288967
0.288855794
0.0988111033
0.3188159493
0.1461976933
0.305114685
0.3139922653
0.2582278533
0.2539429193
0.2826010393
0.2452950047
0.315590746
0.2174276723
0.3327416337
0.32101271
0.3022122567
0.2439392253
0.2110441467
0.3322547473
0.3054741327
0.2663554733
0.23548137
0.2073379883
0.2739836983
0.219369762
0.3332650218
0.2171306867
0.3275160663
0.1168925467
0.3078121367
0.3321630917
0.1603269337
0.2136482867
0.3331925157
0.3332867642
0.3333313532
0.2841616303
0.3168487757
0.3142304333
0.3203007813
0.3319084283
0.2584778973
0.1146768117
0.3152636607
0.17040967
0.064495147
0.3322811217
0.194148667
0.2023059867
0.332483439
0.291534532
0.3102935827
0.3177649813
0.3333323082
0.2256014833
0.2823832433
0.3333331509
0.23053447
0.3180402367
0.2706232067
0.3128297233
0.2415751
0.26227309
0.1148734487
0.1142171767
0.2598544733
0.2767957813
0.3331619349
0.2782221293
0.1980305533
0.1758958103
0.198651502
0.22944528
0.326505544
0.1629241367
0.1585339767
0.330564411
0.2866415233
0.2435770967
0.333210134
0.3310424367
0.3319909783
0.333330207
0.3313185277
0.295135131
0.332684963
0.3248719
0.333163341
0.31858774
0.1749552033
0.24002028
0.3277111883
0.2613781367
0.331003329
0.3101276183
0.2726690633
0.2721033867
0.3055645967
0.3333321285
0.3214818181
0.331357617
0.3319145653
0.2260840733
0.20692154
0.326234368
0.3012590233
0.3330312938
0.3305920792
0.2892362533
0.3224538367
0.3265689563
0.3253501943
0.1388672147
0.1469749867
0.3175924787
0.3332761451
0.2577926633
0.12056062
0.2625867833
0.3039801653
0.19396058
0.2737057433
0.149492175
0.18291067
0.1948905587
0.332091264
0.3331128786
0.3140960517
0.3333319913
0.3300639237
0.2642573167
0.2640491733
0.27388502
0.2802680183
0.1650316933
0.2203140987
0.3318850002
0.2744727453
0.1864613633
0.3130934183
0.3325681885
0.2523039617
0.3200784398
0.300588735
0.1150642267
0.3320961819
0.3331461532
0.3331422402
0.2576528647
0.2174834767
0.316629994
0.27054964
0.3245088373
0.317762835
0.2832596083
0.3329737877
0.326506575
0.3236048967
0.30377007
0.1076418667
0.2291424733
0.1507405913
0.19174944
0.1270082033
0.20833539
0.2123304267
0.3333331696
0.3114078627
0.17043507
0.3322775491
0.2735954533
0.2297822143
0.3212117733
0.3265844015
0.32578567
0.299782194
0.2920762357
0.32787884
0.2661058
0.3102562407
0.128611689
0.2361233
0.29464536
0.3202222683
0.3330920622
0.3042308797
0.12573229
0.2083538767
0.3009316343
0.2262069667
0.3304959172
0.315411357
0.1055606067
0.1464946667
0.276190016
0.3006602957
0.3332719599
0.298538722
0.1576282417
0.180927521
0.26091926
0.0853097513
0.118612782
0.3264852913
0.3292923457
0.27783161
0.3304679908
0.2526884007
0.326053664
0.3331071999
0.27503093
0.2146854333
0.296034935
0.331182469
0.31519585
0.2449369333
0.3067589167
0.3330988087
0.22553667
0.2374914333
0.202749178
0.332557896
0.1570251433
0.1408744273
0.288067222
0.177081994
0.2051077633
0.0947957857
0.32088738
0.3158096807
0.257847264
0.2225630367
0.1565921153
0.3329466981
0.2411521417
0.1645665833
0.1526437867
0.27921807
0.3188987625
0.2759158017
0.2352414567
0.3287162183
0.065222296
0.274935138
0.3253718173
0.3095846663
0.245848752
0.3333304538
0.2131170533
0.2604281933
0.2946940733
0.16184412
0.3188006867
0.3281188628
0.2174927
0.221369642
0.20243444
0.1193653233
0.1519048483
0.2639386747
0.0840105693
0.1435282933
0.3251287478
0.2198103713
0.3305835972
0.3319729583
0.2551950903
0.2821359133
0.3332207837
0.3276674333
0.21810871
0.2508989833
0.3271923503
0.1746587567
0.28675184
0.3073262583
0.256248682
0.3327136367
0.305406171
0.3027724067
0.2612307667
0.2791202367
0.2780215867
0.3099086757
0.327456414
0.1771460367
0.2879903167
0.07110871
0.3050282713
0.323294668
0.2492432503
0.2641082567
0.2812502987
0.325807024
0.1449571433
0.1977585883
0.22095988
0.2969032112
0.189816928
0.325765985
0.3229409993
0.3303465519
0.3296230578
0.2835406583
0.2738554682
0.2835653833
0.2520588033
0.3333183795
0.16215676
0.2395929867
0.22743195
0.1183249383
0.2789616667
0.313888071
0.1867243217
0.20483905
0.2520072913
0.1631312217
0.3281452096
0.2685583647
0.3333268679
0.2780246167
0.3332396669
0.1264932
0.3332323287
0.32706169
0.3281448623
0.330345944
0.1427954733
0.2177064367
0.3330238685
0.3330760571
0.3316748527
0.3198950807
0.32368379
0.32772289
0.29498883
0.3249257253
0.3270230777
0.3218001471
0.3010651117
0.25714851
0.2337303967
0.2303076933
0.2306407133
0.3115727003
0.331962271
0.1581198113
0.2871042167
0.20895878
0.3333026329
0.1547472033
0.3189719233
0.1765442067
0.2983977853
0.2389697817
0.3179169333
0.2666398367
0.313065565
0.3333080481
0.3147916593
0.1422876733
0.2884047233
0.3327293568
0.2613588387
0.33154911
0.2236024
0.3013306533
0.3226743733
0.3271515723
0.2476827333
0.332792632
0.1966522183
0.295869217
0.2427114243
0.3332616108
0.30060451
0.208199428
0.3287397783
0.3290552058
0.2650536033
0.296199881
0.2351938313
0.3330438423
0.26026221
0.3326908518
0.2245896167
0.2728487333
0.327604929
0.30711
0.225272342
0.2800883867
0.321108342
0.2292708667
0.1785487267
0.3276633927
0.2121531967
0.3119297107
0.2771637533
0.3122395933
0.3329466991
0.103537849
0.2757214833
0.2290647
0.3236784657
0.3257179146
0.24499608
0.302494203
0.0991088833
0.2191323587
0.3257014373
0.2500962033
0.2233653267
0.3291361837
0.3330306038
0.3333039729
0.323043487
0.3311815641
0.175800285
0.3321647183
0.2590207467
0.2592026317
0.2845938507
0.3323050507
0.3313393627
0.3333333424
0.26214666
0.261617255
0.1631593333
0.294551508
0.1718244467
0.3327005278
0.3333275635
0.1757739567
0.3300700633
0.3100753017
0.2172503133
0.2291029967
0.3333285476
0.2541062367
0.2000764453
0.3282606687
0.29821618
0.3172424023
0.3191687823
0.3258292
0.2702492133
0.3123175583
0.2691870807
0.3333301193
0.2420859717
0.3333242948
0.3015941033
0.2762380677
0.2386529767
0.3330449557
0.1059944177
0.1143831833
0.1769068643
0.319329223
0.307706412
0.2931750123
0.3321919073
0.3286121257
0.3320145105
0.2443688567
0.3315206306
0.23341505
0.3280175455
0.3333333347
0.3246302152
0.3269085979
0.3196153483
0.2825525897
0.3181760257
0.30132197
0.3332694068
0.3031422123
0.3306514347
0.12932284
0.33250467
0.3225439053
0.2517352777
0.2233121467
0.3285719945
0.2130975127
0.3331596082
0.1941038187
0.1343521353
0.1215815167
0.0752375157
0.2908973633
0.3321903675
0.3070401533
0.3111602417
0.2839855133
0.332890886
0.13832326
0.2888476833
0.29249004
0.2272627933
0.3303580367
0.07922625
0.3195505773
0.3175924707
0.3332273505
0.22526226
0.3331191535
0.3276769667
0.3282511169
0.3333261136
0.2505079967
0.2987392987
0.3326609667
0.20703267
0.2900287267
0.2796676567
0.0966713433
0.2372961933
0.1562050557
0.3301582417
0.1608665767
0.328308968
0.16307923
0.2121213867
0.322787088
0.1234688533
0.3333207625
0.3264820913
0.332897634
0.1606429367
0.18481526
0.1766610833
0.15732385
0.3306977268
0.1695146767
0.3294213249
0.15836913
0.3247985233
0.3333333318
0.1167692417
0.081322529
0.2491119893
0.30319782
0.32197702
0.3333328487
0.3311318089
0.2426916867
0.279887408
0.1954622767
0.3242626543
0.3325315157
0.1168628117
0.26151036
0.3108915167
0.2631023933
0.329162291
0.25915615
0.3022753317
0.3320674662
0.3181771923
0.1405796067
0.3301018377
0.3332695425
0.2205029413
0.3298321329
0.328475108
0.1699489933
0.2916685333
0.15997519
0.3260611553
0.308817762
0.1113006513
0.2175960833
0.3260660379
0.2262655547
0.3162693517
0.3187430113
0.3221911573
0.2949609
0.094273298
0.3260392217
0.3239241433
0.32010985
0.3250658838
0.21434535
0.29415916
0.330693893
0.3329901267
0.25082855
0.2620107187
0.2991014833
0.12323768
0.3332668872
0.1916093823
0.3328148564
0.3333332173
0.3329719177
0.1401708633
0.16271138
0.3312409137
0.292062968
0.3317781886
0.1495938633
0.3332378835
0.305822403
0.16054339
0.3331173893
0.1259857433
0.1014283347
0.2100000333
0.2554092167
0.1527483383
0.3153271067
0.1919000433
0.1820307483
0.3272939525
0.0566756043
0.2987101867
0.320654772
0.3333333243
0.2507272167
0.333218344
0.2972466057
0.1292531877
0.11905091
0.3162022827
0.1904716467
0.3333287463
0.32618197
0.3332428627
0.3333330851
0.1902385133
0.2638212467
0.2997244553
0.26154201
0.32764208
0.325963537
0.3209917267
0.1174398883
0.1373626247
0.210679178
0.30033552
0.304991377
0.0747665327
0.1404200867
0.3333015387
0.31166252
0.308410171
0.3073117033
0.3196971367
0.2523479053
0.1386202533
0.2833040433
0.3280844237
0.2917554003
0.3271098833
0.2129815933
0.281002825
0.2931359797
0.3184508323
0.3119041833
0.3332012515
0.3040871083
0.2924154573
0.3219815067
0.3293652135
0.3333264792
0.2631399917
0.2851329567
0.324122718
0.3321299119
0.110433435
0.24517276
0.2420409433
0.3249578367
0.1720953133
0.3326782383
0.2484357067
0.3259941917
0.3333289185
0.3215874967
0.3216984933
0.2349891173
0.13622238
0.2040890167
0.3311690334
0.319359202
0.3271570633
0.3325296612
0.2983419713
0.2407272033
0.3106604867
0.3275266067
0.2204470533
0.3157021667
0.2193635267
0.27740124
0.3321913594
0.3259953533
0.328109676
0.3310791197
0.2363736733
0.295083252
0.0947886367
0.224144092
0.3333311389
0.1226587
0.2289103287
0.3026162753
0.3080704783
0.3161957877
0.1807005747
0.2495426657
0.325354584
0.1337597533
0.333295522
0.1143977017
0.2226044933
0.1859851667
0.24606824
0.3323774119
0.3269036233
0.2107921367
0.3216546853
0.317325314
0.14271284
0.15517405
0.2044778813
0.1802845367
0.3333187136
0.1592296933
0.26868384
0.2056090367
0.3333295211
0.3328700399
0.29019753
0.1729699767
0.3288230547
0.332545312
0.2351278367
0.3333274013
0.2679677567
0.1628392843
0.3333327809
0.21541028
0.3223111297
0.18849834
0.1846780853
0.3331219573
0.172072308
0.2722747733
0.3233429367
0.321585764
0.284660549
0.1203824467
0.3333292036
0.1731854367
0.2576632017
0.2577864127
0.2960114933
0.2887147017
0.2997384033
0.3070473567
0.0971880783
0.28571564
0.333333226
0.3333333363
0.1779769733
0.1748417267
0.296277098
0.1988986967
0.2961764657
0.17206694
0.2598835867
0.1615698133
0.2830807073
0.3064401843
0.1681488267
0.2243880167
0.3322710995
0.0928440133
0.227803876
0.15639929
0.3294857767
0.311488928
0.2724903817
0.3331980979
0.1530599667
0.269320772
0.31157681
0.3328756284
0.3332747669
0.2320919833
0.28719929
0.1675174587
0.2598685217
0.1774658267
0.2610564187
0.1830155433
0.3326172509
0.2962057767
0.3324990082
0.3291466667
0.3034457
0.3322882697
0.2816164467
0.195241102
0.3260827687
0.2445006753
0.3109231533
0.2425325993
0.3175406433
0.2835071433
0.3320555587
0.3268643297
0.2727430883
0.3333307377
0.2176910333
0.3249522453
0.2960265353
0.3330334193
0.1326363467
0.3324906781
0.2395697923
0.33323767
0.2599236723
0.25979109
0.25867482
0.3312001494
0.2683729757
0.3287035523
0.3313115367
0.2550256177
0.33210426
0.2598263267
0.3148398613
0.268971526
0.3245291817
0.3328332797
0.3304274743
0.240077912
0.319493582
0.1248985267
0.323151996
0.2991353113
0.180570226
0.3299907787
0.30326874
0.2856989757
0.1878777453
0.2491380567
0.3227657453
0.1860787333
0.3309375
0.1768118767
0.2444626753
0.3330752688
0.3281542809
0.3238113433
0.322123735
0.3280842443
0.3321416233
0.15815424
0.11738061
0.2773007267
0.3085517957
0.15807713
0.2751859267
0.152321095
0.3328919042
0.1618883333
0.3330147825
0.3325137068
0.3329461311
0.3329155407
0.1451444667
0.1126241503
0.332957801
0.17980274
0.1972679953
0.3228019183
0.3333325759
0.2377014667
0.1910459413
0.1353351
0.3066537067
0.1590122133
0.3193228833
0.32328151
0.2874372867
0.2091827367
0.3073501827
0.3083372783
0.1756869033
0.3257471667
0.2011157033
0.324237943
0.33331844
0.3332592236
0.1572968733
0.2588995263
0.3307083549
0.0913862633
0.3288626004
0.31563461
0.1970959667
0.332734679
0.2138498187
0.3329009635
0.30705293
0.3277951127
0.3332005208
0.3290679697
0.272694842
0.2396549833
0.3311444033
0.2412641243
0.1377529867
0.3082098833
0.296687262
0.1941399843
0.259428355
0.2471659733
0.3298315908
0.2942407467
0.3074061833
0.3062795283
0.3332646237
0.2083752867
0.1039562247
0.305384181
0.3001480767
0.2612445967
0.3295281653
0.20395183
0.332243145
0.184690635
0.20069121
0.3277029057
0.2780972333
0.1441553283
0.3278265833
0.3080989947
0.304166531
0.3320392333
0.1742148
0.30837849
0.16975959
0.2415663787
0.3322276751
0.2213874513
0.2313645467
0.3288929923
0.2743143657
0.3193004633
0.3261618091
0.3326652055
0.3195755633
0.2660457233
0.2786166977
0.3252296763
0.333329157
0.2188194047
0.1295718653
0.0850534833
0.3333305691
0.14047647
0.3048748513
0.2625631567
0.1585457053
0.1997347733
0.3328365454
0.3320875867
0.3277905501
0.2350550013
0.2953548533
0.329592934
0.2680919733
0.2668186433
0.11931539
0.182484975
0.33245152
0.3331941185
0.077406533
0.219737298
0.21904829
0.1477839167
0.329712738
0.3295503307
0.3329478661
0.3273595013
0.25237769
0.3289433667
0.24591509
0.19567361
0.3248216413
0.254605051
0.3304806197
0.331812
0.3310552766
0.3318889667
0.26041414
0.2086929433
0.1841707567
0.3202777333
0.314254046
0.1303993717
0.3239648177
0.25461644
0.18736125
0.3330056663
0.316353996
0.1797949533
0.1243147713
0.199303418
0.1912906833
0.3328178148
0.2962009933
0.192776506
0.3318521573
0.262223605
0.192466072
0.2746241533
0.312188238
0.180878825
0.1125734077
0.3220271505
0.2452227757
0.3079445177
0.330685354
0.2240066917
0.2121598753
0.2935524647
0.2776855533
0.3333333185
0.3053987393
0.3303104917
0.26703288
0.29637148
0.290862525
0.3333305749
0.2457638867
0.3333329395
0.3320766649
0.3313798943
0.3270130533
0.2240842767
0.2894592033
0.333332868
0.3333324114
0.1192261217
0.2940839143
0.2378524687
0.29469507
0.3071150433
0.325281256
0.3332221262
0.1152978367
0.315349317
0.2757945747
0.12702366
0.2436805867
0.2136450167
0.16655948
0.1967486533
0.2846259307
0.2952247483
0.33150299
0.2720664167
0.322061478
0.2478403667
0.17102026
0.21446115
0.1090988967
0.1563470417
0.3050807967
0.1983746987
0.184598132
0.25146714
0.2013727433
0.2203581267
0.3312081717
0.3308644877
0.2867653333
0.1932538867
0.1110563923
0.282454387
0.2635938833
0.1535085433
0.3330590102
0.3327802796
0.2840331567
0.2918340613
0.320489167
0.2137444733
0.3257720467
0.3132278833
0.17526164
0.294224902
0.1558088867
0.123942125
0.3227417523
0.3259870997
0.3251687747
0.2690134533
0.1745748813
0.3326302274
0.3306806959
0.2971259033
0.27596864
0.299527355
0.1932753833
0.3332920733
0.3308801874
0.1573202033
0.32593989
0.3139551101
0.3274138023
0.3185830593
0.3279749861
0.2847992493
0.3135039633
0.323442899
0.1904041133
0.3332868958
0.177462421
0.0893425
0.3187217533
0.333114667
0.3333284751
0.1929339867
0.320573129
0.3333324957
0.3328572538
0.1644878667
0.2369979667
0.2713480767
0.3299700114
0.32080765
0.3332052075
0.3019860467
0.3046754423
0.0623716763
0.1201992353
0.3246902887
0.3332144153
0.287133651
0.2317997367
0.2895195247
0.2665632633
0.3331327394
0.302014566
0.29719451
0.3333331503
0.3194469553
0.31397478
0.3327070171
0.3331110586
0.1402916733
0.3315913467
0.3185052573
0.2845489567
0.1874902
0.1560830667
0.3123448567
0.17486547
0.3235444067
0.1435991367
0.33278989
0.2499923167
0.1061687907
0.32253839
0.2897483987
0.2774530307
0.17222648
0.324354431
0.3333333262
0.3100527693
0.3330909623
0.3016427967
0.2138799233
0.0730854483
0.3325614246
0.3333298758
0.140862232
0.3189033133
0.3097215367
0.15977616
0.0832263067
0.2665846717
0.30990505
0.1837093967
0.1536847683
0.1325595847
0.3318012067
0.1276022383
0.3240245433
0.1004147813
0.325030766
0.2661172063
0.3312306373
0.3237527233
0.16850821
0.1001568433
0.298693435
0.1649783167
0.31428971
0.2349893477
0.3332581861
0.3259663033
0.3310202287
0.2266984313
0.31739212
0.08130712
0.31648093
0.3330364917
0.2611001187
0.2166064033
0.2077543767
0.3326716457
0.3274929335
0.1025002
0.15335729
0.3188295477
0.1531889757
0.151695792
0.15702335
0.313593801
0.3328924681
0.292949361
0.333333329
0.3332354394
0.282645429
0.2325988167
0.1721931367
0.3247472633
0.1432017733
0.3140374433
0.18097828
0.2119729
0.25180746
0.2929398573
0.3183625187
0.296478068
0.1019619267
0.2626771633
0.31292697
0.2243160893
0.3281484613
0.3322305015
0.2007127167
0.3333326694
0.3130460417
0.2476913467
0.3331560152
0.2235241143
0.306086183
0.0797010093
0.326194267
0.15075998
0.105668875
0.3189017447
0.2347419033
0.2918100133
0.1339659613
0.2691353067
0.1513808167
0.325803684
0.2770510723
0.0798605323
0.1672136733
0.2726230333
0.2862366567
0.26521879
0.2156174967
0.3294641102
0.2335240567
0.3294897187
0.1405369367
0.332531009
0.2633211833
0.2422445483
0.29793692
0.2434039667
0.3313855647
0.3171218533
0.3333161795
0.3333215767
0.3195271167
0.32473179
0.2165035867
0.1816251013
0.3041337203
0.13717675
0.1644063633
0.298082687
0.2784993933
0.2823641233
0.2650689167
0.3332055717
0.109272652
0.3299163003
0.2120380183
0.15532854
0.3084489147
0.0689396717
0.30576872
0.10265292
0.3331008869
0.1444626887
0.2056007167
0.3329466533
0.3326298443
0.2214358067
0.3244525064
0.2720385967
0.3330799638
0.2095721033
0.1172169487
0.3192791395
0.332124571
0.1096488467
0.3180201067
0.154841598
0.297008325
0.2825570667
0.2686811017
0.1051158223
0.1253705433
0.3157855733
0.2228513567
0.3271419753
0.094185035
0.329389326
0.1440860033
0.0979139797
0.1219388433
0.19987475
0.303977938
0.3250665891
0.22458922
0.2914587717
0.2621364433
0.2387163667
0.30111735
0.29948517
0.1462533193
0.3273229348
0.3273118423
0.32597831
0.30716132
0.3332921827
0.3164920073
0.3206784773
0.3154246267
0.2902317833
0.1292187933
0.3063906323
0.3289959991
0.0994883217
0.325810743
0.269231682
0.2870616467
0.30879093
0.318117853
0.14532369
0.237328769
0.3329790119
0.308201405
0.3319218767
0.2270487783
0.250005191
0.30394732
0.3333332324
0.1400064733
0.3307111708
0.30109391
0.2624927733
0.2829612793
0.2580608683
0.2012761333
0.2850266287
0.3330055856
0.2264974687
0.2887465367
0.27832369
0.3098367
0.299682518
0.1776047633
0.1804020767
0.32248038
0.24980087
0.311858153
0.1378561633
0.304372144
0.25152852
0.3294310623
0.3142431307
0.2062891053
0.3329730988
0.2944272367
0.323802176
0.098265908
0.1976761933
0.1292987417
0.2486893267
0.3114467667
0.3333277788
0.29429152
0.2246300647
0.27976886
0.3082058737
0.2518909567
0.3332202017
0.2395081253
0.241706508
0.2594814153
0.091974526
0.2298089967
0.3192969393
0.3332361324
0.30592064
0.070506496
0.3289268407
0.3162535033
0.2432928067
0.1225069853
0.2317605607
0.281455
0.160461564
0.1921904433
0.2004243833
0.1970338053
0.2216154487
0.2484416833
0.20360228
0.2286305453
0.18028512
0.263699138
0.2059253147
0.2796528467
0.3249481633
0.1645699167
0.1777445567
0.3183608863
0.250479446
0.3322354918
0.3164094463
0.3161361123
0.2505709467
0.0849795883
0.1445309433
0.3296693837
0.3326614472
0.3090372233
0.31382236
0.2781562067
0.18267923
0.3030031657
0.2773950883
0.2999939533
0.1623830943
0.291290425
0.3305800193
0.3311804426
0.1243144413
0.331009236
0.3331349029
0.309722986
0.1924295867
0.1781837733
0.329977237
0.3332897418
0.3182608733
0.2419734333
0.3159591287
0.2247515567
0.3013144697
0.3134761433
0.2952723533
0.3312061387
0.3188897467
0.2183914633
0.2477928013
0.1538443453
0.3333278166
0.309556489
0.1968053067
0.332925745
0.2552059633
0.1960302367
0.3293664603
0.0854500357
0.3272039203
0.3332063009
0.2934029467
0.180423874
0.2629670987
0.31152591
0.2479672883
0.1669592633
0.1983574233
0.3333176401
0.2521859267
0.2750171333
0.11846647
0.1931103047
0.324612656
0.19431042
0.3078055567
0.1224592267
0.3271628217
0.310093581
0.3198414133
0.2120236767
0.2827337673
0.1853874947
0.2329413813
0.1801694333
0.331289962
0.270357666
0.3094071443
0.277091042
0.3115266487
0.3222716667
0.29489109
0.2865542977
0.330312005
0.3323743383
0.332974324
0.3327908357
0.1887225047
0.265511708
0.3139966477
0.3298085384
0.3325289212
0.26398928
0.2549393867
0.2487997247
0.1708596567
0.0955054233
0.3171865493
0.1294298267
0.1277392447
0.3318211374
0.324004633
0.28105499
0.3292603343
0.3329586623
0.2727055567
0.3273257001
0.3159821093
0.322465118
0.2174705533
0.16395485
0.3324547397
0.3333200871
0.1856148233
0.2795244913
0.3139606287
0.2865714673
0.173119508
0.3332895407
0.196817885
0.2179945867
0.26737222
0.1955699233
0.2836329667
0.2345903753
0.2653200067
0.2669686467
0.305652444
0.2141081633
0.28221042
0.3047578927
0.1540793067
0.1675406233
0.3082740867
0.2529166833
0.25199673
0.3157733629
0.3323676073
0.3278940467
0.2258514433
0.2626986267
0.3333268003
0.23214674
0.322926846
0.327512838
0.1670363667
0.2153838583
0.271205752
0.1834948193
0.3319178039
0.1456906367
0.0831464787
0.3172313807
0.3000105733
0.319390462
0.3333319787
0.1358387733
0.3062386027
0.3087413673
0.286145139
0.2650077567
0.163041535
0.297072369
0.3327047377
0.2414169167
0.2405777133
0.1927644783
0.20137225
0.2126303133
0.20140902
0.2717232033
0.3332550766
0.25066647
0.3327755892
0.1892910733
0.3288604952
0.17095894
0.3020240917
0.2209291917
0.2361097333
0.3307979442
0.2234650817
0.3328893277
0.3329976488
0.2417772827
0.3294529553
0.2175209267
0.2016208553
0.2827192867
0.2551992917
0.1628640053
0.2958454283
0.3331143095
0.2950869863
0.1141606133
0.3326479267
0.3288056947
0.271529966
0.3211046157
0.2813782917
0.3301183533
0.0819176867
0.3325223223
0.1432659933
0.31555128
0.273037612
0.1541580967
0.12208772
0.2463764105
0.25037419
0.2818436067
0.181848699
0.2820756633
0.323331485
0.1629755833
0.1726643617
0.331947574
0.3201481
0.2886317367
0.28077686
0.222194863
0.32954106
0.2420281507
0.1880300367
0.3045262567
0.1478294333
0.22736831
0.2985479093
0.3333192251
0.3333316443
0.3159345127
0.28922614
0.2402979667
0.25024727
0.2222172333
0.1192581883
0.3231925083
0.2780755167
0.21262318
0.3332525406
0.17459649
0.3321293057
0.3215607833
0.3331337852
0.3221481753
0.2765298647
0.3328771183
0.3333277843
0.2696045433
0.2954418267
0.331338597
0.1822552287
0.3122754328
0.2288567467
0.3328445016
0.3313453923
0.2696696417
0.3042933833
0.1981540533
0.1907631433
0.3323664146
0.3322742552
0.2914540383
0.3134295033
0.1880261033
0.19781166
0.3252883477
0.3219699067
0.3183036817
0.2960048953
0.17922213
0.1717285823
0.24162432
0.305083476
0.3332742675
0.249302209
0.2303017267
0.3241799667
0.333281925
0.2719548733
0.3332260367
0.3331120995
0.1676948217
0.3332914676
0.2437476933
0.1446624533
0.12628371
0.2961044757
0.28334349
0.3333332275
0.119693535
0.3282702453
0.3332973201
0.18165151
0.0736122813
0.2398325767
0.3261135933
0.3333317015
0.236711369
0.3225145738
0.25000264
0.2482537533
0.3333275092
0.2553055023
0.243893138
0.2396195633
0.29043067
0.332491799
0.14949897
0.276626848
0.3322210092
0.2789007867
0.19528767
0.2343746667
0.22816972
0.2547763067
0.1763075333
0.2608638267
0.274314341
0.0908486133
0.0825317253
0.2099923633
0.160042195
0.3299308363
0.297234464
0.233812418
0.097104685
0.28786083
0.1925050567
0.1958416267
0.20967638
0.249360186
0.3332371136
0.32446452
0.3076392833
0.2750287867
0.21364463
0.328200874
0.3333111527
0.3326238602
0.3247362763
0.3245929633
0.2134342253
0.2798484233
0.3306462143
0.2203508633
0.3332265777
0.3228552938
0.176078196
0.292068388
0.1548939887
0.3333221787
0.3331378612
0.1006433567
0.1755792233
0.306271671
0.3107485067
0.333302858
0.3190420667
0.3322816941
0.16033757
0.1985008667
0.2820803433
0.3053705587
0.2263380213
0.2150824533
0.29888806
0.301934829
0.2789292257
0.2690140967
0.24767206
0.200129221
0.2812706017
0.3332456612
0.3036071333
0.3319578157
0.25501979
0.0987878167
0.3333306492
0.326440104
0.323115121
0.3108340867
0.2952488713
0.3333318371
0.3210675967
0.1624165
0.327701935
0.30370244
0.2834828033
0.3333209385
0.32870922
0.33332636
0.25514558
0.3330110564
0.31441705
0.324716947
0.3333328665
0.3315659122
0.329945156
0.17150349
0.2645289667
0.3203102318
0.3333312682
0.307879228
0.1997193867
0.3333326755
0.3292012797
0.3273513583
0.1946517033
0.1523506547
0.3333331432
0.1984699057
0.297529709
0.33303532
0.2920878933
0.2520877133
0.3215015477
0.3049137467
0.1196305567
0.1510853133
0.2394115653
0.3331650864
0.2982934223
0.1301590833
0.3124095683
0.077741668
0.2962417123
0.2619727613
0.3305690068
0.29790739
0.31845011
0.1307925193
0.1351260833
0.2223971883
0.191220201
0.2674022157
0.2311722887
0.322580864
0.2695647917
0.3326314076
0.3276280692
0.306208605
0.25915216
0.1040717693
0.2904600733
0.117545132
0.3089195533
0.3333323198
0.3333312052
0.3291448581
0.1973786467
0.3025266797
0.27780286
0.3278841127
0.3311067309
0.17748138
0.2871428933
0.330770336
0.323182515
0.22992469
0.212530231
0.3204440567
0.2883847767
0.3127010887
0.253620685
0.3269535697
0.1845334467
0.1590604967
0.327484181
0.3321207943
0.3310765856
0.3202859567
0.3056167283
0.17047767
0.3332502801
0.0987376257
0.2782456283
0.2235918633
0.3033911333
0.2739050533
0.2394515433
0.1391930333
0.2407815267
0.2717042033
0.3314921769
0.328895616
0.1264129433
0.16215549
0.10475895
0.186365852
0.2214219867
0.3324047522
0.2331272433
0.3321111557
0.18725922
0.2863999367
0.3298564852
0.3242336503
0.3333333155
0.17711313
0.2625223333
0.2634702317
0.16292433
0.2618363533
0.296601639
0.3333333405
0.3301492391
0.22619705
0.264370093
0.1302695567
0.3254388229
0.1704243547
0.3331805477
0.3233171467
0.3224704907
0.274006848
0.1586340117
0.3287497302
0.3161729667
0.2161200583
0.3333160919
0.2908496813
0.3022760723
0.25674893
0.1084312433
0.2766430133
0.322617338
0.331850453
0.30453559
0.141291369
0.2399226833
0.2089864473
0.2850844433
0.2327583667
0.3330927763
0.3300358362
0.2185447033
0.3331107589
0.3196213067
0.25731297
0.30201029
0.3164952223
0.23145952
0.2606572833
0.2324446157
0.22028443
0.3198510833
0.2831861463
0.2064395483
0.3283017167
0.207676558
0.2794212387
0.265617978
0.0922049997
0.15117528
0.3233964833
0.3295259725
0.2644272933
0.16866211
0.2953933207
0.32785889
0.2731615833
0.330540475
0.1270356833
0.3322142484
0.297349925
0.3319352014
0.3320255852
0.3329815837
0.3175333407
0.3317466793
0.3326756251
0.2117631167
0.2874638667
0.2563540933
0.320679495
0.3328439081
0.3140622017
0.3325332311
0.292386736
0.329319298
0.3302486017
0.3333276662
0.291778034
0.3332813471
0.3016125133
0.2014683967
0.1725197647
0.1155418633
0.2185867967
0.2593291217
0.19187709
0.2562659067
0.228427105
0.3314305411
0.246343948
0.2664967533
0.3257402183
0.2365170387
0.18917846
0.1390398667
0.2750737133
0.3082126633
0.30359878
0.1893594833
0.3276590833
0.3166086687
0.2649468767
0.2033066233
0.3332113973
0.2492861547
0.2006857287
0.3026768763
0.20402351
0.3323526423
0.3267463967
0.3283990521
0.24992674
0.25705689
0.332757492
0.1430523833
0.2835534767
0.117772868
0.3320018317
0.3215473447
0.134826112
0.3326373227
0.1842878833
0.3332292821
0.1542328267
0.2072169287
0.3315705367
0.3304422875
0.3300515084
0.2188987917
0.1943771653
0.3326606459
0.221110472
0.1219362907
0.25305676
0.2288674033
0.2716133
0.2854946033
0.3190544583
0.313349218
0.1634779547
0.2462354
0.3332961369
0.2750826427
0.3204317727
0.2219201733
0.3319856567
0.3250519683
0.3224009065
0.28633952
0.330892175
0.30426461
0.3244660317
0.1232251113
0.3106315033
0.3289181137
0.2952657983
0.1896626153
0.2093754583
0.12719748
0.1867908487
0.3128646867
0.3201716848
0.329165953
0.27165741
0.30749472
0.3152587203
0.2687814567
0.3292815867
0.282895058
0.3253650823
0.1155509167
0.1214653167
0.1932844317
0.3326219401
0.24607697
0.2499917067
0.1554095847
0.2938725673
0.1008849633
0.1552496467
0.2829515313
0.3178227913
0.3048408623
0.2706693833
0.3042744283
0.1124480273
0.225032143
0.2996601283
0.3320608645
0.3298231367
0.3333302576
0.2611410917
0.27423228
0.1652925733
0.2232235153
0.27067663
0.1668874233
0.16769354
0.2586147033
0.2390166767
0.28951362
0.1122364933
0.301718042
0.3231843267
0.3304302583
0.3268355017
0.28455953
0.3313154388
0.3329277967
0.30683295
0.27638636
0.2890119567
0.1940927567
0.2675797833
0.3331780759
0.3310850537
0.0981245543
0.3180019277
0.3333320745
0.2260403487
0.2326530223
0.33320686
0.22441061
0.1194495133
0.3332641653
0.3294896893
0.30214965
0.3332791922
0.318489518
0.3333321413
0.086143899
0.2561656333
0.2198849723
0.3261948082
0.3323389777
0.282070692
0.2779293377
0.1331886867
0.249653399
0.2898586467
0.2455505017
0.2835508817
0.28126303
0.3172299233
0.1462008167
0.3278379013
0.3087943313
0.15024873
0.3332020223
0.2257909467
0.29836918
0.3209971087
0.331184776
0.321694457
0.1919784233
0.2832642037
0.3111496313
0.2067234967
0.230651085
0.2117805067
0.277324359
0.1738145667
0.2058604047
0.3186909647
0.3249978353
0.1665385367
0.2246456367
0.2372536
0.3115524973
0.3224095133
0.322777
0.2053928
0.1532914
0.31875646
0.3121072733
0.2750164967
0.3183644633
0.1486567967
0.1131993
0.3079557943
0.3328767477
0.081465796
0.2493591533
0.3169280215
0.332660068
0.3152091533
0.2546515733
0.1011245967
0.2187785433
0.13771279
0.3333088027
0.1389830913
0.3310563707
0.3333124349
0.3332075596
0.2440091833
0.333257466
0.2858239067
0.3333285936
0.2213846467
0.12100079
0.3263609628
0.332661808
0.3014816983
0.1443054257
0.3122765973
0.2182428183
0.070952555
0.19012793
0.24319828
0.0815272017
0.2873056713
0.23220434
0.1905282467
0.3257413517
0.1282412473
0.3146866047
0.2584601033
0.29358969
0.2493901967
0.1923493767
0.3327099453
0.31981755
0.3060412057
0.2976970133
0.310912438
0.2859108517
0.3333153493
0.2640370167
0.3333331334
0.1595230217
0.3218621859
0.2880212477
0.2363209283
0.268613517
0.0878967167
0.2354786867
0.3270944334
0.28419058
0.2250110827
0.2935180397
0.0988296167
0.1082814487
0.3333333338
0.1265339933
0.213610538
0.2663575637
0.329153445
0.31012987
0.1871593313
0.2228074277
0.3331759787
0.2026973467
0.3276511827
0.1584685533
0.3068343533
0.2617970027
0.2112552267
0.29814804
0.16671957
0.322924078
0.2079129417
0.328061092
0.0703253983
0.3231563437
0.255133025
0.3333200435
0.2326246633
0.3051733623
0.333323496
0.3046710177
0.2981324323
0.1760406533
0.332549565
0.12799123
0.276717065
0.2366776093
0.2957781233
0.3332692596
0.1958805267
0.314247549
0.3151087667
0.3274749547
0.1818217167
0.2197410267
0.1505007167
0.258261949
0.3328317206
0.238519468
0.1543304253
0.27543064
0.2694257047
0.28585677
0.160909721
0.3306966013
0.2347307733
0.1938706487
0.330149858
0.33185695
0.312264052
0.1873265767
0.3333215259
0.2282236567
0.24172419
0.26571066
0.3327866015
0.2401656723
0.3308754611
0.3333316001
0.23187642
0.3275364687
0.3267318337
0.280695628
0.3333077492
0.211924843
0.324977195
0.16943186
0.0869289357
0.1397964867
0.2942935133
0.1054284433
0.3332001973
0.265583758
0.176686022
0.3332294398
0.2617955243
0.1696579367
0.33219524
0.327720919
0.1500776533
0.320163932
0.2864356533
0.2228844683
0.206667406
0.1850672713
0.2537325733
0.102653856
0.3072339333
0.093074555
0.3289367155
0.19227174
0.3176672197
0.0929337933
0.3109716367
0.3331926754
0.32651214
0.1750546033
0.3330887017
0.174952832
0.2404383333
0.2991116973
0.3092310633
0.1345174667
0.29115511
0.3280070703
0.1921950733
0.2504057767
0.3118537657
0.301004984
0.3251658038
0.3332469478
0.1966625017
0.19520426
0.2269382817
0.171228535
0.1530842667
0.3333187669
0.309845792
0.3333290728
0.2062277433
0.1636607367
0.2015541567
0.1908235067
0.3294942847
0.2727398767
0.28985561
0.3332544221
0.18597135
0.330805237
0.3295952822
0.3041016307
0.29795732
0.2726140083
0.333321124
0.331419964
0.1946305533
0.2346997377
0.2929159933
0.1304110767
0.3276347424
0.3325157599
0.3092486543
0.1933715867
0.18899307
0.23133893
0.2201558083
0.3333330029
0.185153595
0.122803512
0.13639759
0.2506634633
0.3319981043
0.331443464
0.249077312
0.2995325153
0.3329091256
0.1369036083
0.15637874
0.181149416
0.2596987987
0.2094286667
0.2197713567
0.3301652469
0.3157665723
0.3259150002
0.320757702
0.1460504667
0.2982179
0.2398287433
0.3311341401
0.3333124177
0.333319701
0.2479615067
0.2286008367
0.2108758067
0.2739142917
0.1535079867
0.1912384767
0.3302719418
0.19615129
0.27947173
0.2253559967
0.1036883333
0.3328486595
0.3315496072
0.2369408867
0.3209339004
0.1674922233
0.3004207933
0.1052919287
0.3220623743
0.3246707227
0.30750983
0.3171119807
0.3092084857
0.290703748
0.297782576
0.3031568067
0.23458665
0.2419221867
0.3026529113
0.2869810633
0.3292912983
0.2477474567
0.3333324537
0.2814884433
0.242448485
0.3265513133
0.1139933667
0.1472418967
0.26647892
0.3314300542
0.3329501871
0.1684325533
0.247409666
0.2641727733
0.15001695
0.185365312
0.3045415353
0.0946358617
0.2838129867
0.3263163787
0.2992381567
0.1889115233
0.2872347567
0.294663601
0.2930216
0.181228622
0.3333169331
0.1011210153
0.302136752
0.2090676667
0.1583479433
0.3002818093
0.3315694616
0.2377006267
0.1297335867
0.3333187825
0.3054002433
0.1321197747
0.11051937
0.23536194
0.1120127587
0.3332578144
0.3296760898
0.3212656087
0.2505730813
0.28862959
0.3277057767
0.2138715033
0.305235946
0.3024081917
0.2439837033
0.295079608
0.2984821533
0.323932862
0.2584264567
0.1581084767
0.3268873683
0.2906800733
0.2369999233
0.2710034233
0.229088438
0.333182445
0.3317923245
0.3218415517
0.333191251
0.3219164933
0.3156669007
0.2486699633
0.3262864396
0.093672515
0.3322234147
0.3331190113
0.3303585423
0.19343173
0.19930484
0.3333286167
0.303756124
0.1839058833
0.2367166467
0.3333310261
0.2839096867
0.247586015
0.1437152633
0.3332592115
0.3329726799
0.161720602
0.2731386133
0.2995342263
0.25860938
0.142132805
0.14229764
0.2887922033
0.3333089751
0.25364009
0.3312107409
0.206237131
0.3155094027
0.3332327987
0.2758658533
0.317518033
0.2696036753
0.270685743
0.2536692767
0.26922885
0.31225288
0.1675264483
0.3331911058
0.326390607
0.320868903
0.3327827709
0.1783370967
0.3333329879
0.3278369133
0.1164412283
0.2742332567
0.3002439913
0.0854430947
0.2593857167
0.3279339207
0.3331847896
0.16532269
0.3318167593
0.32962567
0.29892945
0.0613884113
0.12089773
0.3324182963
0.3276931312
0.1379799533
0.2411182767
0.2285607267
0.2961973977
0.209632025
0.0979222517
0.1283526833
0.10917852
0.2687656177
0.3333219733
0.3219687173
0.3282793687
0.3311199038
0.175084728
0.28524634
0.326188749
0.2724091967
0.266009834
0.2334178133
0.171887
0.3287044073
0.1810506367
0.2594303733
0.324694752
0.134009778
0.3169176913
0.307880323
0.2616578343
0.2293014367
0.3151453583
0.2284297033
0.326506408
0.3320657018
0.10479942
0.3329564009
0.2361596633
0.3333332246
0.251867365
0.3333311697
0.131139655
0.3252618583
0.333333032
0.2717879833
0.1203091267
0.2208961367
0.1616888847
0.2218988467
0.2506372933
0.2526007067
0.3302410229
0.3144905533
0.1918588233
0.21061871
0.2367618077
0.3333333217
0.3243719033
0.2109463933
0.1516429267
0.3314384245
0.1189858433
0.3332649281
0.309141332
0.1940468547
0.2675372433
0.29454433
0.3218418627
0.164334875
0.247416995
0.22272382
0.3325023219
0.3081920917
0.3333295198
0.3204103417
0.3257036075
0.332321617
0.27460839
0.3205913867
0.237760564
0.1285364867
0.1528330533
0.2007054267
0.2281385417
0.2772962
0.332916687
0.3333333369
0.321387182
0.1524945317
0.3023203567
0.2873984467
0.170759065
0.22063724
0.3288286467
0.14334634
0.21270094
0.2399770633
0.1949212433
0.326400778
0.2963361167
0.2270169533
0.3330300218
0.0841106987
0.3277854303
0.3241641045
0.3325661527
0.0685803957
0.3174714267
0.3268227957
0.332519675
0.3092700783
0.1656610213
0.2133538447
0.3329515635
0.3039285173
0.32491558
0.2096545457
0.275417145
0.2636440833
0.3332731384
0.2720329967
0.2677203733
0.3083106887
0.1408430643
0.319920889
0.327157244
0.333306778
0.320199966
0.1866207867
0.25160896
0.3291821262
0.0874980357
0.1767091867
0.2163334267
0.2990070677
0.2002340033
0.315488577
0.3286943435
0.325438242
0.3187679933
0.2708376233
0.3019922857
0.3333290766
0.2436658037
0.24810343
0.2415645433
0.332614723
0.2459515533
0.2826945633
0.2927475333
0.3288731233
0.3214282147
0.2985236603
0.2926812453
0.100277405
0.19138706
0.2296130033
0.3085828667
0.1891074233
0.333067083
0.18417821
0.23673922
0.23768877
0.15080408
0.0767698483
0.1739310967
0.2775407467
0.2269138367
0.2412621887
0.28040538
0.2758324967
0.323530461
0.2552889813
0.3332750261
0.3333313783
0.1796257783
0.331106182
0.25824021
0.2314557417
0.3333284759
0.223194808
0.21471542
0.3331414803
0.08286927
0.3326103592
0.3331857932
0.2772865923
0.3221188533
0.1908578967
0.2979631017
0.254393938
0.260612525
0.296136081
0.25064642
0.3331604574
0.28086709
0.22187297
0.134565395
0.2748694133
0.0780422067
0.28750249
0.2414553877
0.3332428106
0.20850478
0.3098523167
0.3175165353
0.3288291865
0.2103890033
0.2562743113
0.2693662413
0.2787587867
0.21999218
0.118007646
0.3331504806
0.3333070819
0.3250176653
0.2376236867
0.2883091767
0.29333256
0.1564138167
0.3101561067
0.28544854
0.3332995743
0.2412227133
0.3332877111
0.298743704
0.3139592707
0.1891372773
0.2654017097
0.2307051487
0.2807983233
0.3148580327
0.2120029943
0.1580808387
0.2475250133
0.3176840823
0.2657699333
0.2671633933
0.2871168367
0.3073072843
0.3012313123
0.2772187747
0.28991459
0.2559545467
0.204950061
0.3254426137
0.3280284527
0.2100824367
0.2570162833
0.3074190143
0.2360802867
0.3035617993
0.3309909684
0.2837058833
0.300443005
0.2019948267
0.3333329408
0.161435578
0.3313096
0.2521266033
0.2683862433
0.285972839
0.3320015263
0.2535207233
0.329035096
0.3328169552
0.215020841
0.30598167
0.303758322
0.3253508397
0.316134946
0.1122334867
0.3225082233
0.333330868
0.2924370363
0.22457755
0.3031891317
0.3204338053
0.2601714387
0.3333320388
0.29285374
0.319903758
0.32796934
0.3319769362
0.303930564
0.3311318176
0.2640483767
0.3166346787
0.331942978
0.2626291683
0.3275472047
0.2880972117
0.3314776433
0.3007897343
0.2945192037
0.3210617847
0.1020613933
0.33119271
0.171660776
0.1321742403
0.3248434567
0.22652272
0.3107715553
0.3330813316
0.3274138002
0.2575794947
0.328827535
0.1605425033
0.1010908083
0.304737614
0.3240076167
0.1194172533
0.3116868983
0.3330416413
0.1655252733
0.2703699567
0.331322676
0.3273049757
0.3198357727
0.14417264
0.13258617
0.101252065
0.2085905133
0.3196167527
0.3230974107
0.0694599207
0.1635703033
0.31733728
0.2966206513
0.3324707516
0.1300527267
0.2381517333
0.1264501813
0.3247072105
0.3332648807
0.3185756983
0.3297410568
0.20035749
0.1892342933
0.1235424
0.3177028033
0.3076967633
0.2944522157
0.1772249453
0.3332271955
0.330277982
0.2563474
0.275924067
0.3081214577
0.2718277253
0.2634331233
0.26800733
0.3315519327
0.2296704587
0.3329403281
0.3258258303
0.230498899
0.333291295
0.247383556
0.0928799917
0.3333251243
0.2421424333
0.0971305387
0.3329307357
0.29892196
0.3172993357
0.3331791379
0.19550067
0.3332085042
0.2070868467
0.3333042718
0.3332436199
0.083886852
0.19827521
0.3303114593
0.2688053027
0.17744258
0.3333330444
0.2632030033
0.3329421964
0.26484641
0.283124282
0.3283532745
0.254992535
0.1830317667
0.20608094
0.272487545
0.3322523853
0.23972274
0.12298276
0.3328937157
0.2850746333
0.331340686
0.1793299633
0.326772312
0.1567941967
0.3333229626
0.24454173
0.3333333513
0.20988061
0.3332073924
0.2087828817
0.2642947233
0.3333333185
0.326390835
0.2192402967
0.1893877433
0.2771644253
0.3284534327
0.3333333017
0.3263309828
0.1640911527
0.313763971
0.3174346063
0.3051434097
0.22689474
0.32231505
0.3317672347
0.2694604467
0.2199371153
0.333120569
0.321942055
0.3154547017
0.3084496587
0.3273158037
0.3333324104
0.2161477033
0.2734776533
0.18236821
0.3332105909
0.20747901
0.1450761867
0.1330192533
0.3019161217
0.2525939357
0.21443063
0.2149773367
0.2851762967
0.1876948633
0.14297997
0.2592546353
0.3331148782
0.328246482
0.333333327
0.326334194
0.30550321
0.22408142
0.3327263364
0.2218996713
0.2796587743
0.3333320659
0.231357
0.325146789
0.3085310867
0.1627802067
0.3211343903
0.25910535
0.143086201
0.3229072674
0.2762860063
0.301261742
0.3100368033
0.2676629833
0.1990087967
0.3223294683
0.3333321329
0.2755333217
0.3293490845
0.2696918733
0.32983327
0.3333310511
0.252738449
0.3238611
0.1884698433
0.1508039943
0.332932254
0.320315792
0.3263835007
0.2223507767
0.3332438214
0.2048038967
0.33229
0.295455736
0.2707228187
0.28920141
0.3282174247
0.261349141
0.13504583
0.1206914347
0.09476275
0.2359558767
0.3315386642
0.31663198
0.1156191833
0.3333314271
0.3333151187
0.2620566667
0.3322361506
0.16590244
0.3331375589
0.1433553733
0.3323246023
0.3160066167
0.3278869053
0.203656327
0.1584164533
0.3150359041
0.048144521
0.331860703
0.200038675
0.23687765
0.3274387627
0.3332858841
0.29612186
0.227839468
0.3317977693
0.3214067823
0.3266755044
0.29650572
0.1258777467
0.228304869
0.3318490667
0.2933317517
0.13410454
0.331064598
0.188795744
0.2477932743
0.3251208968
0.3303757859
0.28753547
0.299551048
0.274139985
0.20679762
0.2688092643
0.2606345
0.3273223202
0.3076161087
0.3318013447
0.20599723
0.2778568547
0.2355922767
0.32808411
0.2166439733
0.3330559478
0.2042071167
0.3251379417
0.1777410267
0.2081426347
0.1272599433
0.1073050893
0.2967848233
0.1334842913
0.308651039
0.3311661555
0.2250082867
0.3330431374
0.2496263967
0.2026241753
0.2931888607
0.3313872895
0.1883282033
0.2297173883
0.2529996933
0.2149699387
0.2881474333
0.3292455977
0.333332554
0.2879723367
0.3241249867
0.333331106
0.3204035483
0.1921593867
0.3333200799
0.3329232088
0.2190733153
0.3329995307
0.333328435
0.3324101899
0.2649038267
0.2640125743
0.155774375
0.2986470967
0.2464980233
0.29714088
0.3329494772
0.255872197
0.299208874
0.2991725687
0.293444009
0.1662716483
0.3267705867
0.3068698687
0.1082205983
0.326672034
0.2596039507
0.1958969767
0.2644491123
0.3279248097
0.3273529433
0.328385183
0.2383727733
0.2315764933
0.28373449
0.0668976257
0.2839693767
0.2283488633
0.13448896
0.2314340473
0.2880175987
0.1855432733
0.0880673583
0.326006917
0.2928225367
0.3275965817
0.3115619883
0.2199894967
0.3332652699
0.2743665407
0.1615279967
0.2677158667
0.2514254647
0.3076415157
0.222540289
0.2276457317
0.3141431757
0.2447606263
0.2952056733
0.1454775813
0.1498520567
0.266670379
0.2741265
0.330892491
0.3113890883
0.3142189833
0.3333259403
0.2816118433
0.3330931273
0.2163207133
0.2938509593
0.2957554233
0.2773603077
0.31864954
0.3332991183
0.333287504
0.2516614167
0.3331888411
0.2762658067
0.2239660013
0.3104605587
0.2327013687
0.2906541407
0.307863471
0.3249819467
0.1753192933
0.2933720087
0.1857294167
0.326832982
0.1615943467
0.3323238486
0.1812619033
0.3279845003
0.3002032243
0.3285430483
0.3310831032
0.1478526783
0.279032437
0.20665428
0.2304604733
0.3194412
0.3208926933
0.2272585967
0.24247861
0.0892376647
0.29871304
0.2523411167
0.2967973767
0.295707156
0.2230842033
0.2263962433
0.2185467467
0.2885798933
0.1425225917
0.323668754
0.3333259448
0.2305377033
0.3317575547
0.1840308167
0.1804504617
0.2323987367
0.3325824278
0.3164570373
0.105916
0.316547766
0.196685355
0.2065832367
0.3333206305
0.3308813382
0.3173255777
0.3333332832
0.215383163
0.3243067043
0.3232779237
0.2117891
0.332276367
0.146828372
0.3330591445
0.226631228
0.3333164235
0.3311773597
0.3330779113
0.2958977033
0.2894761973
0.3290617407
0.21904397
0.3299699361
0.2333231833
0.2328421933
0.2546242723
0.3328743423
0.235739292
0.3300830583
0.3306559843
0.1910220467
0.1328206517
0.1998091133
0.28389687
0.2857770267
0.3260198233
0.30937294
0.29914993
0.1309149133
0.3330511552
0.227312145
0.1580180287
0.332181023
0.3284251093
0.1964604033
0.2601105053
0.2279974853
0.3011551333
0.17725952
0.2160861567
0.2753873433
0.21325864
0.327283932
0.264396735
0.26839342
0.3332325779
0.1890730733
0.29142894
0.3216079257
0.332669797
0.26835659
0.1764682647
0.3316027842
0.110858422
0.3328179513
0.3162481567
0.3291037314
0.331937451
0.2907710333
0.1607409253
0.1774788767
0.229523
0.2006037267
0.3274643947
0.3084578067
0.3229750267
0.24942544
0.3006549907
0.2991976233
0.3136499497
0.3329804363
0.2904129227
0.1800979567
0.331431611
0.2262836467
0.308680118
0.158128925
0.2730732147
0.1587877833
0.106819212
0.3100739567
0.3275705317
0.3309187809
0.3281802467
0.1512837713
0.2266341567
0.3174018767
0.2176173983
0.3331281477
0.3299192573
0.3029890367
0.3064848777
0.3031081033
0.3223392177
0.32974269
0.1581133833
0.266654795
0.3224137267
0.31088077
0.3317258807
0.1770276533
0.2849017627
0.2670438817
0.3294007681
0.1518324067
0.17724841
0.3231517973
0.1549276833
0.2344234967
0.1504467153
0.3325473603
0.3332027082
0.275517352
0.2774071253
0.16038584
0.2224713643
0.1562617967
0.1847896747
0.275337651
0.2113233867
0.32178237
0.1799629483
0.3306638274
0.1775386767
0.26091985
0.2672684947
0.2610282707
0.303291904
0.3329650712
0.3130727587
0.3333052497
0.333332997
0.3316255566
0.27239219
0.2359213
0.3319664811
0.119076782
0.2710765283
0.2299401433
0.2897299187
0.1787550237
0.3172781937
0.3060977243
0.237886029
0.296525011
0.3204357867
0.308414013
0.32663416
0.1850697663
0.2668804633
0.3285709467
0.2327546183
0.3258733067
0.3273188933
0.0926017367
0.3327462634
0.3299805662
0.3139469533
0.3268786713
0.1973934567
0.3327149772
0.2302202633
0.2617743957
0.2046467533
0.2685624567
0.2959395417
0.3234949773
0.2869764633
0.3169727407
0.3329909956
0.3203628933
0.2780990013
0.1227272983
0.2751378733
0.1726194283
0.3315596207
0.3328286533
0.3092111967
0.2600970947
0.27056666
0.2705324267
0.2681283347
0.333260247
0.2707699117
0.2645562533
0.2330748287
0.2434369833
0.329805551
0.2555531433
0.13080266
0.19158237
0.1262908433
0.30631492
0.1099937267
0.3332091363
0.3299554253
0.18732883
0.2086073083
0.3258535467
0.327333428
0.3333333335
0.0912977983
0.3265799491
0.20117061
0.1863922917
0.3333277257
0.283978924
0.2757679033
0.327275791
0.3325621949
0.26736386
0.1187604933
0.3318679447
0.321894256
0.332974853
0.3297767499
0.321562444
0.1741994867
0.29023835
0.329688793
0.3316524968
0.3305836583
0.1693473733
0.0862594983
0.2846775423
0.1420892433
0.25942751
0.2961027223
0.1943000767
0.1527442467
0.3303582717
0.12257901
0.3291933828
0.3285296266
0.1966381167
0.3203303767
0.27062448
0.3333096097
0.24921176
0.3333294879
0.1159672567
0.21961718
0.2989530233
0.308176289
0.3310189423
0.27535821
0.332937261
0.322425711
0.3331197629
0.2799159867
0.1890408867
0.3333279516
0.2784412533
0.3130743013
0.2180997447
0.2643475867
0.2717322503
0.21653189
0.26310781
0.2430412117
0.1792079167
0.329307751
0.2814540367
0.2161552267
0.30182569
0.332750352
0.19366588
0.2321494733
0.3333326655
0.2103471633
0.3229642767
0.2240164867
0.2900339533
0.2928129333
0.264094398
0.21094172
0.28954971
0.3329740821
0.332263653
0.2025248767
0.1755478767
0.1154024533
0.3332598899
0.266177019
0.2059642433
0.2151862567
0.2090379567
0.25057396
0.3063427923
0.3324527233
0.3333332253
0.330096588
0.310200211
0.2564420323
0.2469628713
0.2352500133
0.0782645833
0.2933347067
0.3200353943
0.323091089
0.321906713
0.2397069357
0.3326822253
0.3333073843
0.3330668034
0.202359655
0.250340507
0.2528784253
0.3330674789
0.2463033233
0.1931811367
0.250036362
0.3224033607
0.1693515033
0.2490154367
0.3320846443
0.3312155933
0.3333194724
0.331278888
0.3051382557
0.2737640367
0.3069413033
0.3332202356
0.2829414713
0.3329781619
0.311401248
0.21233879
0.3333149881
0.3332815944
0.323805732
0.3304135465
0.327439504
0.2221677433
0.316371195
0.3212913347
0.2176213967
0.1357143267
0.3243684663
0.1852597617
0.1852157067
0.3305032467
0.1114031333
0.3124693587
0.2130976013
0.3140396123
0.314556631
0.329614621
0.277596606
0.3299957697
0.330596595
0.3287581215
0.28733488
0.2114936433
0.3244842325
0.3016399667
0.2808405533
0.3325336244
0.259205605
0.168482998
0.2883247835
0.2833044567
0.2875233367
0.195829949
0.2264648433
0.2389635287
0.3052865067
0.16996931
0.202554881
0.2976849607
0.2764578883
0.1928604767
0.3200540307
0.2454860687
0.10254994
0.2956682187
0.3004029647
0.28739561
0.203469601
0.2558697113
0.3030755667
0.0688607127
0.2760612
0.3191282008
0.261182612
0.3331531332
0.2091095967
0.178623744
0.26660413
0.3139174318
0.3297863211
0.3090538737
0.3333228479
0.2465997893
0.3333136888
0.3205473841
0.274355012
0.2386789767
0.3113517533
0.3325855343
0.2539904467
0.25935048
0.30182399
0.2987023687
0.332690851
0.189107205
0.3306586723
0.2935734583
0.3188883117
0.2320929267
0.274517578
0.1802191067
0.1579245127
0.2520104067
0.286454719
0.1337777733
0.1371744133
0.326141924
0.23048306
0.2322787433
0.213999222
0.319751644
0.2866784513
0.3274352577
0.28371752
0.2180961433
0.3171883287
0.2034914947
0.3333103783
0.3333323
0.215579342
0.315383861
0.1604863867
0.1610163583
0.331591098
0.3332396781
0.28904078
0.333160877
0.3332332142
0.31255418
0.1635239617
0.3331141028
0.2176489033
0.2858601167
0.195596362
0.2604621633
0.083731805
0.3225519443
0.3251862967
0.3248470813
0.2462833523
0.333333256
0.24618146
0.31843763
0.3226683693
0.3187668803
0.3333315161
0.3333323658
0.25675509
0.1626218633
0.2190593193
0.3332978537
0.3332736218
0.3217047233
0.1766980267
0.298425138
0.19507956
0.3133307817
0.15889066
0.2637050467
0.3319197754
0.1863317133
0.2870088633
0.1109026633
0.3261571703
0.1942695133
0.1920904627
0.216641045
0.1511266947
0.22435622
0.3012595233
0.2357363433
0.22914017
0.243444219
0.2944605043
0.3322074647
0.25792022
0.3314717574
0.2173330767
0.3324554873
0.28219842
0.1339411887
0.3321934577
0.32044263
0.28368603
0.1426158
0.28306401
0.1382695333
0.327364316
0.3146787963
0.1211317873
0.1732828967
0.333332723
0.3258161327
0.22643347
0.3330758392
0.27937966
0.19818164
0.3332505934
0.1814025283
0.10867169
0.1705868983
0.2642676
0.3289095493
0.1925396083
0.2699240027
0.2023289867
0.10853587
0.3316459117
0.21349807
0.1918062733
0.3306050902
0.310858898
0.2210326867
0.3312146787
0.323371526
0.3317901649
0.3265413717
0.308296582
0.1815118233
0.28262095
0.3265093813
0.3281127966
0.3315422567
0.2657344033
0.1248018167
0.2765399167
0.1808844433
0.1852792983
0.3271505253
0.2509505763
0.2997726433
0.332427425
0.1998120043
0.3329879893
0.2139876833
0.3292157717
0.3333163287
0.1581773267
0.3328364413
0.1988371387
0.2821191357
0.3193731633
0.2997741133
0.3273470003
0.2855094967
0.3304847932
0.31135362
0.2436713213
0.3199883663
0.3289782912
0.1600531213
0.2750028623
0.3326880321
0.3141889733
0.254062111
0.1839827067
0.3087468343
0.31289726
0.16083219
0.2840799733
0.3331531526
0.2096097153
0.22282954
0.3324294639
0.2064652667
0.3242645083
0.1752243187
0.2941517
0.2182876973
0.23578717
0.3327989173
0.330423205
0.1609070867
0.2400073113
0.3170624939
0.30635842
0.3261197523
0.2926756483
0.1265479817
0.2789273187
0.3213810887
0.2468777233
0.3231813663
0.3325121117
0.2775498083
0.3197657217
0.3331848439
0.3296592542
0.3331781773
0.331095795
0.3153122123
0.10820439
0.2273574013
0.1253761067
0.3294692583
0.2761292383
0.287698765
0.2548597967
0.2482380267
0.1870817413
0.3310252529
0.320879754
0.3220463883
0.1366002367
0.3311505343
0.15414707
0.3331863587
0.1099912
0.2382964667
0.250081835
0.3333185407
0.2976073433
0.23105496
0.2637508367
0.2808122667
0.24822794
0.2973498733
0.30113834
0.3265906153
0.2684739667
0.3323973711
0.2528958767
0.3333317763
0.3318636548
0.2651755293
0.317242561
0.32748801
0.1266866083
0.26413046
0.2726999467
0.1601126467
0.234221858
0.3256136813
0.3316699789
0.2644917483
0.332446909
0.2616920767
0.3101510887
0.2836100913
0.3152653867
0.25918678
0.3331109864
0.3169044133
0.2022159833
0.3294382215
0.2463235333
0.2941258367
0.3307464107
0.23903899
0.3333330347
0.1195181167
0.331559524
0.3331530563
0.3313617864
0.20289404
0.3330099597
0.1165077953
0.269291187
0.27509902
0.3299898603
0.32695918
0.2546951667
0.3225780068
0.322180638
0.3193455267
0.3333320295
0.306510718
0.331839404
0.23132595
0.2270019443
0.316186578
0.2361098373
0.3328031514
0.2423721167
0.2081225967
0.3332203981
0.300166419
0.305696493
0.3329780868
0.2864805313
0.3209750787
0.3266207147
0.3035098667
0.2171266567
0.21791562
0.1858796333
0.2284112933
0.250785472
0.3073460333
0.2731904567
0.257283152
0.1345163147
0.3321883097
0.2649434283
0.315212449
0.245674955
0.29101245
0.321410689
0.1700118683
0.3290087613
0.3324021168
0.3229676584
0.1347592213
0.147499365
0.1871607617
0.3036218983
0.3154803643
0.3284747862
0.1824423847
0.2177908367
0.3239774803
0.06929029
0.3325645344
0.24626212
0.10663633
0.1296893467
0.2526431813
0.3179094633
0.3315905793
0.1193295513
0.2976107593
0.124474385
0.3324864649
0.3002038513
0.2642666433
0.1674991267
0.25008593
0.3261222439
0.2988014733
0.1642538283
0.3292649544
0.3262235762
0.15786619
0.14011704
0.24413431
0.1439030767
0.3302168543
0.3332080043
0.1896350533
0.1973109467
0.321151501
0.164771159
0.3333224657
0.2200742533
0.1954761633
0.3248859803
0.229695655
0.3277448
0.237718798
0.331724066
0.1570394
0.314796683
0.273575816
0.3332269135
0.20655561
0.3054709067
0.2162002337
0.2616460233
0.16317449
0.3162190153
0.2222604
0.2614262567
0.3329645986
0.28447315
0.3244776273
0.3328433164
0.2657320033
0.3333164297
0.1058200833
0.333003348
0.3046170697
0.3072892
0.21153947
0.3331069468
0.308285
0.1178994433
0.1328203733
0.1682843
0.249520475
0.3160496167
0.191992989
0.3294303731
0.1697381413
0.292396472
0.3333283633
0.138980012
0.2664532153
0.3151330243
0.3299282422
0.32419353
0.1253014733
0.26367141
0.333112412
0.2246343267
0.285040925
0.27424774
0.332747394
0.3324873644
0.25121989
0.270415578
0.2059309867
0.3251184473
0.3128594732
0.33298817
0.2763311633
0.233300292
0.1645740153
0.1951499973
0.2380280683
0.3333333534
0.3314830101
0.15170702
0.16456449
0.3251043233
0.193986742
0.246555455
0.3270489803
0.3321832346
0.3322601653
0.2343455433
0.127622185
0.070782735
0.14412209
0.3332612342
0.30645373
0.3268986543
0.2973430267
0.33252876
0.258297865
0.3275719287
0.3330918466
0.2805193317
0.1984497367
0.32232328
0.319692754
0.3257170293
0.329702481
0.328631728
0.3284600453
0.1812229333
0.2439449133
0.2648422767
0.2188489367
0.2160447033
0.2325692033
0.25089535
0.2217042843
0.3284853167
0.1199805033
0.185388558
0.2555242633
0.2746416887
0.3326136424
0.2187663787
0.1102392
0.32774376
0.301946535
0.324530321
0.333320806
0.2700029333
0.3007724393
0.1303170833
0.26074954
0.3243729037
0.3272075042
0.075918357
0.2990522933
0.1973464233
0.32944769
0.2859227817
0.2062107233
0.3142666023
0.2514991033
0.3320271923
0.2833789833
0.2592390607
0.272908372
0.3226603053
0.2559483307
0.3333308456
0.1500982367
0.1147677233
0.27874819
0.323459312
0.2444407267
0.33075516
0.3161479777
0.2446700567
0.1735027167
0.3018435583
0.239152808
0.27906848
0.3303760883
0.2967608433
0.3327017902
0.276055772
0.138241115
0.3333030171
0.2113266867
0.3226214473
0.1807328867
0.2751933407
0.24649289
0.2342951733
0.3333060474
0.2294676117
0.2260919533
0.2070726963
0.2714924233
0.1815929833
0.13766535
0.123372554
0.1380383733
0.308582675
0.1102512813
0.3286090108
0.2922766757
0.31247698
0.13777891
0.3243089567
0.2522136533
0.3151783123
0.2219599933
0.1820804433
0.18857035
0.331566105
0.3329756271
0.3329176869
0.32141581
0.3049181937
0.3120646067
0.291865857
0.2051734167
0.3320564631
0.2283602033
0.1119306333
0.2779229767
0.32794404
0.27966749
0.3332853959
0.330348522
0.3142730437
0.3058231833
0.1296984467
0.2952317733
0.2555522517
0.325706134
0.1413751467
0.3332049187
0.3238358833
0.3331130893
0.1714285523
0.2945599533
0.327717435
0.3142657377
0.3207218013
0.2027953233
0.14874134
0.3132123753
0.2302949567
0.2393573497
0.3222580267
0.27066166
0.3330759163
0.329182454
0.3326071167
0.2970546117
0.332917585
0.3299933073
0.1147983933
0.2660579147
0.3325098677
0.3332074787
0.3036176273
0.2767686367
0.2582066593
0.2259448923
0.3332283986
0.332169816
0.2790992233
0.318974579
0.3236908282
0.3333328338
0.050295467
0.2394362967
0.3284893988
0.331886271
0.2439489153
0.236077909
0.19111817
0.3269794963
0.3333249962
0.1808069127
0.24721216
0.328793049
0.2891456067
0.3331797458
0.3258062367
0.3322575012
0.1647868333
0.2766954657
0.2100596567
0.2985176753
0.2130862877
0.27011818
0.3333223978
0.301305656
0.3239519733
0.3303827397
0.095047913
0.3330190598
0.3287531823
0.2805166933
0.3112705133
0.26406249
0.2978802983
0.3323971953
0.2340818533
0.17965651
0.28717971
0.2943218133
0.30735299
0.299766098
0.3068791387
0.1620831603
0.32984032
0.2095326423
0.3333262433
0.3296046083
0.3332523949
0.3089773267
0.1426813933
0.1330495743
0.2603954617
0.3297318503
0.3208447517
0.3331815153
0.2612851233
0.27709356
0.3318402203
0.19241318
0.2459925297
0.1813163723
0.327996829
0.3306472333
0.2768857967
0.3332343216
0.3250255057
0.326222583
0.3221369853
0.28868478
0.323225486
0.1182556133
0.210817355
0.1536725533
0.1545708783
0.2350920767
0.3316574066
0.2701721233
0.111857392
0.28319391
0.20513152
0.3331051885
0.1780600967
0.2182726813
0.3324473314
0.3205832933
0.2586908533
0.322699335
0.2662515533
0.3318318933
0.2065616753
0.15020211
0.3146024547
0.3276483347
0.2527095243
0.2346905233
0.2033170683
0.1771873
0.2297502653
0.321172486
0.2896006433
0.2757164603
0.30807439
0.1643086007
0.2338361767
0.2400883033
0.1178097353
0.317355784
0.3303199642
0.2126389367
0.3333332673
0.32649907
0.2012456467
0.3333075263
0.3299923621
0.1450849633
0.28951248
0.2456716133
0.1827626367
0.2827497833
0.2036764
0.3229423907
0.2560931333
0.329873512
0.1886945087
0.3261939532
0.122646352
0.2997131153
0.3314113047
0.221325919
0.1181808633
0.288295014
0.1225673933
0.3207593847
0.3253338567
0.149284202
0.20904328
0.3254936933
0.2990093167
0.328373541
0.3200130707
0.1130264967
0.172613418
0.322739
0.333183515
0.2797139133
0.21953248
0.18013272
0.3318613828
0.2265515767
0.325234118
0.324748549
0.3204496372
0.3325854765
0.3314038183
0.3333086688
0.1398085767
0.3333332198
0.3104851973
0.1822176467
0.3210686743
0.3332845234
0.331577735
0.1560898567
0.3237166617
0.2874438433
0.3301725973
